4.180275318161386977e+00 6.497453070493085682e-07 1.167368133511109508e-07
4.180331894280059579e+00 1.643222801291235186e-02 2.951280962779801766e-03
4.180501541832434498e+00 3.286564775540599948e-02 5.896635785355885256e-03
4.180784045143848715e+00 4.930274774915651553e-02 8.830371254773403816e-03
4.181179044369813802e+00 6.574536151225600367e-02 1.174667592721473537e-02
4.181686034903316695e+00 8.219531465777873969e-02 1.463973626300046037e-02
4.182304366532439310e+00 9.865442222548309603e-02 1.750373619886799390e-02
4.183033242337701019e+00 1.151244859842197321e-01 2.033285695195923351e-02
4.183871717319081363e+00 1.316072916969814599e-01 2.312127711244675934e-02
4.184818696744639688e+00 1.481046063402692570e-01 2.586317308047101152e-02
4.185872934217289121e+00 1.646181752693603451e-01 2.855271990100830687e-02
4.187033029462821965e+00 1.811497193212160683e-01 3.118409254720134333e-02
4.188297425851201794e+00 1.977009318472650878e-01 3.375146769832999827e-02
4.189664407673307167e+00 2.142734756691660192e-01 3.624902605277980500e-02
4.191132097207273866e+00 2.308689799519842989e-01 3.867095520891890292e-02
4.192698451620729294e+00 2.474890369909811261e-01 4.101145313764330280e-02
4.194361259767487304e+00 2.641351989104113174e-01 4.326473225948941626e-02
4.196118138948676801e+00 2.808089742753097640e-01 4.542502412675464285e-02
4.197966531718194894e+00 2.975118246201259309e-01 4.748658469723221476e-02
4.199903702819678841e+00 3.142451609011103209e-01 4.944370017129242484e-02
4.201926736346891289e+00 3.310103398824612020e-01 5.129069334860043156e-02
4.204032533220039447e+00 3.478086604691801864e-01 5.302193044531077620e-02
4.206217809067833713e+00 3.646413600022719304e-01 5.463182829778153587e-02
4.208479092597875670e+00 3.815096105341104771e-01 5.611486186542775922e-02
4.210812724526705075e+00 3.984145151033602339e-01 5.746557193402072189e-02
4.213214857126260426e+00 4.153571040296820116e-01 5.867857291226209054e-02
4.215681454424946573e+00 4.323383312483848884e-01 5.974856060948657843e-02
4.218208293081134208e+00 4.493590707042706134e-01 6.067031988140784288e-02
4.220790963924601513e+00 4.664201128220643588e-01 6.143873203433070085e-02
4.223424874138370200e+00 4.835221610681058602e-01 6.204878188639570413e-02
4.226105250031491067e+00 5.006658286145623249e-01 6.249556439718322032e-02
4.228827140332654722e+00 5.178516351133877205e-01 6.277429079411978030e-02
4.231585419916957136e+00 5.350800035828621182e-01 6.288029414509412052e-02
4.234374793864699171e+00 5.523512574050569723e-01 6.280903435076107266e-02
4.237189801741964246e+00 5.696656174281709006e-01 6.255610255625633498e-02
4.240024821989550219e+00 5.870231991637679947e-01 6.211722500933268554e-02
4.242874076309011144e+00 6.044240100656689263e-01 6.148826641906803003e-02
4.245731633942851246e+00 6.218679468749231942e-01 6.066523289497851440e-02
4.248591415759783274e+00 6.393547930140855984e-01 5.964427456937178296e-02
4.251447198074797207e+00 6.568842160140780928e-01 5.842168802489311474e-02
4.254292616157341556e+00 6.744557649583742265e-01 5.699391866345279029e-02
4.257121167407118101e+00 6.920688679319834113e-01 5.535756316123763288e-02
4.259926214205933093e+00 7.097228294668411763e-01 5.350937215677355890e-02
4.262700986483115351e+00 7.274168279804109627e-01 5.144625331473316743e-02
4.265438584060968985e+00 7.451499132105348089e-01 4.916527489744713236e-02
4.268131978872985677e+00 7.629210036563893738e-01 4.666366995923840882e-02
4.270774017171389048e+00 7.807288840427408783e-01 4.393884125643193750e-02
4.273357421859060423e+00 7.985722028319198751e-01 4.098836693913732176e-02
4.275874795095186087e+00 8.164494698150709384e-01 3.781000706081012741e-02
4.278318621331237637e+00 8.343590538205379881e-01 3.440171090949421806e-02
4.280681270936552707e+00 8.522991805829452927e-01 3.076162513189421160e-02
4.282955004567581270e+00 8.702679308207775799e-01 2.688810258945934992e-02
4.285131978425415156e+00 8.882632385734564595e-01 2.277971185574407739e-02
4.287204250530746386e+00 9.062828898505527198e-01 1.843524723765285409e-02
4.289163788125554433e+00 9.243245216459234914e-01 1.385373918070420887e-02
4.291002476287990142e+00 9.423856213683781125e-01 9.034464900862534606e-03
4.292712127821364021e+00 9.604635267378677232e-01 3.976959073194021553e-03
4.294284494451704681e+00 9.785554261924768182e-01 -1.318975599281318589e-03
4.295711279341431599e+00 9.966583598466994820e-01 -6.853258114811936960e-03
4.296984150901034027e+00 1.014769221036032176e+00 -1.262551937527815922e-02
4.298094757856286918e+00 1.032884758476808384e+00 -1.863509302931913234e-02
4.299034745506750355e+00 1.051001579063843172e+00 -2.488100711286833633e-02
4.299795773091833695e+00 1.069116151321856112e+00 -3.136197663002990993e-02
4.300369532164621589e+00 1.087224809520160651e+00 -3.807639720154573637e-02
4.300747765859929572e+00 1.105323758453623073e+00 -4.502233989117272739e-02
4.300922288932459203e+00 1.123409078886694834e+00 -5.219754730270582260e-02
4.300885008432294043e+00 1.141476733651221043e+00 -5.959943102262250242e-02
4.300627944878986142e+00 1.159522574382986670e+00 -6.722507046568106104e-02
4.300143253790330355e+00 1.177542348876201794e+00 -7.507121316345759243e-02
4.299423247418855176e+00 1.195531709029698630e+00 -8.313427651879065627e-02
4.298460416546363128e+00 1.213486219353152595e+00 -9.141035103235742310e-02
4.297247452185217753e+00 1.231401365996328989e+00 -9.989520499104437290e-02
4.295777267034000424e+00 1.249272566259103989e+00 -1.085842905912880324e-01
4.294043016534795143e+00 1.267095178534874078e+00 -1.174727514540702261e-01
4.292038119379729899e+00 1.284864512634981137e+00 -1.265554314717941831e-01
4.289756277315969868e+00 1.302575840437144805e+00 -1.358268849109125209e-01
4.287191494100846434e+00 1.320224406796496330e+00 -1.452813876781743341e-01
4.284338093463040842e+00 1.337805440654040945e+00 -1.549129496430113884e-01
4.281190735931885705e+00 1.355314166274285137e+00 -1.647153278943181420e-01
4.277744434404423757e+00 1.372745814541319387e+00 -1.746820407971766131e-01
4.273994568330083510e+00 1.390095634241293343e+00 -1.848063827044320595e-01
4.269936896404633586e+00 1.407358903258724814e+00 -1.950814391699436379e-01
4.265567567679291905e+00 1.424530939614785163e+00 -2.055001025052392016e-01
4.260883131006270474e+00 1.441607112277321301e+00 -2.160550875195125231e-01
4.255880542759406637e+00 1.458582851675199743e+00 -2.267389472846400578e-01
4.250557172786492366e+00 1.475453659853235733e+00 -2.375440887721683991e-01
4.244910808568869598e+00 1.492215120208643775e+00 -2.484627882179080982e-01
4.238939657582489140e+00 1.508862906755250810e+00 -2.594872060815887616e-01
4.232642347873214916e+00 1.525392792867657388e+00 -2.706094014834450334e-01
4.226017926877226216e+00 1.541800659464047429e+00 -2.818213460161243522e-01
4.219065858533501689e+00 1.558082502592847529e+00 -2.931149368481557604e-01
4.211786018751297433e+00 1.574234440395459567e+00 -3.044820090537031509e-01
4.204178689308960770e+00 1.590252719424058547e+00 -3.159143471216552257e-01
4.196244550272590246e+00 1.606133720300251255e+00 -3.274036956147042821e-01
4.187984671034100437e+00 1.621873962707252703e+00 -3.389417689650539578e-01
4.179400500076651426e+00 1.637470109714580069e+00 -3.505202604076435580e-01
4.170493853583851163e+00 1.652918971440926033e+00 -3.621308500636333805e-01
4.161266903015342855e+00 1.668217508067082466e+00 -3.737652121963991880e-01
4.151722161777096076e+00 1.683362832217021765e+00 -3.854150216693980613e-01
4.141862471119631905e+00 1.698352210731482570e+00 -3.970719596401838802e-01
4.131690985401728966e+00 1.713183065864619214e+00 -4.087277185279689640e-01
4.121211156860494107e+00 1.727852975940331381e+00 -4.203740062939052557e-01
4.110426720032049452e+00 1.742359675511129247e+00 -4.320025500742669666e-01
4.099341675969412790e+00 1.756701055068429662e+00 -4.436050992075889488e-01
4.087960276405603999e+00 1.770875160358968081e+00 -4.551734276981530547e-01
4.076287008010805124e+00 1.784880191367665736e+00 -4.666993361605436541e-01
4.064326576891283516e+00 1.798714501032224300e+00 -4.781746532938013217e-01
4.052083893475543874e+00 1.812376593759148502e+00 -4.895912369392669272e-01
4.039564057928366481e+00 1.825865123814197410e+00 -5.009409747836508497e-01
4.026772346226623611e+00 1.839178893662539505e+00 -5.122157847781755313e-01
4.013714197021153396e+00 1.852316852334626951e+00 -5.234076153555041744e-01
4.000395199396431956e+00 1.865278093892901889e+00 -5.345084455382075328e-01
3.986821081624716712e+00 1.878061856071857383e+00 -5.455102850450793683e-01
3.972997700992999093e+00 1.890667519159291432e+00 -5.564051745139645400e-01
3.958931034760242884e+00 1.903094605179954879e+00 -5.671851859711154464e-01
3.944627172279436600e+00 1.915342777434329458e+00 -5.778424236864655450e-01
3.930092308293851033e+00 1.927411840434742230e+00 -5.883690255608977626e-01
3.915332737390875284e+00 1.939301740269053553e+00 -5.987571651946318463e-01
3.900354849570176530e+00 1.951012565408708932e+00 -6.089990547847127234e-01
3.885165126856708451e+00 1.962544547963576358e+00 -6.190869489936832171e-01
3.869770140864185137e+00 1.973898065371094468e+00 -6.290131499205808829e-01
3.854176551191589084e+00 1.985073642492194868e+00 -6.387700132893292526e-01
3.838391104515433749e+00 1.996071954071968024e+00 -6.483499559486141095e-01
3.822420634224054314e+00 2.006893827509412365e+00 -6.577454647517692043e-01
3.806272060427974946e+00 2.017540245868322923e+00 -6.669491068558179858e-01
3.789952390173160435e+00 2.028012351051192930e+00 -6.759535414463541114e-01
3.773468717681184970e+00 2.038311447049693914e+00 -6.847515328604646401e-01
3.756828224443088171e+00 2.048439003179835183e+00 -6.933359650445830580e-01
3.740038179000979568e+00 2.058396657206859715e+00 -7.016998572491132125e-01
3.723105936263456428e+00 2.068186218264776333e+00 -7.098363808281724641e-01
3.706038936216983881e+00 2.077809669477927557e+00 -7.177388769820344239e-01
3.688844701914914204e+00 2.087269170197085355e+00 -7.254008752528152693e-01
3.671530836647751705e+00 2.096567057769815445e+00 -7.328161125616506899e-01
3.654105020222374822e+00 2.105705848774265476e+00 -7.399785525587393442e-01
3.636575004302582848e+00 2.114688239656301594e+00 -7.468824050466849052e-01
3.618948606788052302e+00 2.123517106721819037e+00 -7.535221452329216030e-01
3.601233705232809612e+00 2.132195505448651218e+00 -7.598925325685682575e-01
3.583438229326354474e+00 2.140726669094997536e+00 -7.659886289387516367e-01
3.565570152480787236e+00 2.149114006593759285e+00 -7.718058159827111409e-01
3.547637482584177882e+00 2.157361099733541732e+00 -7.773398113403383602e-01
3.529648251994687680e+00 2.165471699637722569e+00 -7.825866836442942898e-01
3.511610506860450620e+00 2.173449722561986430e+00 -7.875428661026797617e-01
3.493532295857807224e+00 2.181299245038460288e+00 -7.922051685453066483e-01
3.475421658444427742e+00 2.189024498400488294e+00 -7.965707878359749028e-01
3.457286612725443131e+00 2.196629862726704463e+00 -8.006373165827591620e-01
3.439135143029310449e+00 2.204119860245967288e+00 -8.044027501071714381e-01
3.420975187286936059e+00 2.211499148246418134e+00 -8.078654916604471881e-01
3.402814624302948676e+00 2.218772511532667746e+00 -8.110243559002244806e-01
3.384661261002215760e+00 2.225944854474864787e+00 -8.138785706632148953e-01
3.366522819728643867e+00 2.233021192692840717e+00 -8.164277770885178809e-01
3.348406925666994383e+00 2.240006644417495973e+00 -8.186720281619732642e-01
3.330321094452891817e+00 2.246906421570865398e+00 -8.206117857643079327e-01
3.312272720030817741e+00 2.253725820605450014e+00 -8.222479163149007952e-01
3.294269062815777804e+00 2.260470213143237483e+00 -8.235816851091884994e-01
3.276317238210812111e+00 2.267145036454890850e+00 -8.246147494512999776e-01
3.258424205529837803e+00 2.273755783820145204e+00 -8.253491506850555437e-01
3.240596757373463976e+00 2.280307994811488381e+00 -8.257873052263791092e-01
3.222841509503751478e+00 2.286807245544345335e+00 -8.259319946990966166e-01
3.205164891262540117e+00 2.293259138938315012e+00 -8.257863552744227897e-01
3.187573136576393296e+00 2.299669295035180028e+00 -8.253538663126350761e-01
3.170072275588874611e+00 2.306043341420006332e+00 -8.246383384038835640e-01
3.152668126958166006e+00 2.312386903791895154e+00 -8.236439009039625558e-01
3.135366290853728977e+00 2.318705596729950802e+00 -8.223749890603555546e-01
3.118172142680494030e+00 2.325005014698154682e+00 -8.208363308239241540e-01
3.101090827552269502e+00 2.331290723329573655e+00 -8.190329334421860841e-01
3.084127255527931322e+00 2.337568251025715860e+00 -8.169700699308833913e-01
3.067286097614460250e+00 2.343843080900807507e+00 -8.146532655213062357e-01
3.050571782530379750e+00 2.350120643093414508e+00 -8.120882841810884711e-01
3.033988494211683040e+00 2.356406307459222305e+00 -8.092811153055730067e-01
3.017540170030487356e+00 2.362705376649209210e+00 -8.062379606748817373e-01
3.001230499684715447e+00 2.369023079567136758e+00 -8.029652217680715021e-01
2.985062924705661480e+00 2.375364565189661548e+00 -7.994694875198946615e-01
2.969040638519822917e+00 2.381734896721825923e+00 -7.957575225973194666e-01
2.953166586992280074e+00 2.388139046050607561e+00 -7.918362562620092637e-01
2.937443469371869398e+00 2.394581888450174834e+00 -7.877127718713312632e-01
2.921873739553731752e+00 2.401068197484948374e+00 -7.833942970542494555e-01
2.906459607572795534e+00 2.407602640050799270e+00 -7.788881945799689399e-01
2.891203041242935257e+00 2.414189771491403569e+00 -7.742019539168870645e-01
2.876105767860647422e+00 2.420834030725861563e+00 -7.693431834578042805e-01
2.861169275899629216e+00 2.427539735325816572e+00 -7.643196033653086863e-01
2.846394816633009306e+00 2.434311076485182301e+00 -7.591390389695195084e-01
2.831783405633183648e+00 2.441152113833439774e+00 -7.538094146299219034e-01
2.817335824114839404e+00 2.448066770054110552e+00 -7.483387479548454513e-01
2.803052620103964276e+00 2.455058825282922630e+00 -7.427351442570215845e-01
2.788934109434187736e+00 2.462131911275349694e+00 -7.370067911125892657e-01
2.774980376590483022e+00 2.469289505349488767e+00 -7.311619528845147986e-01
2.761191275438678261e+00 2.476534924127610449e+00 -7.252089650701636359e-01
2.747566429896119988e+00 2.483871317116791655e+00 -7.191562283371001341e-01
2.734105234613940283e+00 2.491301660185696765e+00 -7.130122021210085759e-01
2.720806855753325593e+00 2.498828749009380346e+00 -7.067853976748075251e-01
2.707670231947055584e+00 2.506455192566835688e+00 -7.004843704780649993e-01
2.694694075542296563e+00 2.514183406785745145e+00 -6.941177119398813655e-01
2.681876874221453377e+00 2.522015608435430600e+00 -6.876940403556893733e-01
2.669216893094244814e+00 2.529953809371572326e+00 -6.812219911077023182e-01
2.656712177346617132e+00 2.537999811235069902e+00 -6.747102061287695296e-01
2.644360555520799849e+00 2.546155200702270527e+00 -6.681673226790429965e-01
2.632159643486061018e+00 2.554421345374775498e+00 -6.616019615126390585e-01
2.620106849142655125e+00 2.562799390384900455e+00 -6.550227145364940773e-01
2.608199377882459924e+00 2.571290255777819223e+00 -6.484381320846034358e-01
2.596434238809804729e+00 2.579894634714209545e+00 -6.418567099471461646e-01
2.584808251706187665e+00 2.588612992518837252e+00 -6.352868763050397716e-01
2.573318054703187752e+00 2.597445566581316978e+00 -6.287369787258257903e-01
2.561960112610494722e+00 2.606392367096634022e+00 -6.222152713765592980e-01
2.550730725830549606e+00 2.615453178615209318e+00 -6.157299026037144074e-01
2.539626039778740463e+00 2.624627562356188992e+00 -6.092889030194303945e-01
2.528642054718789556e+00 2.633914859223978500e+00 -6.029001742185484680e-01
2.517774635917026327e+00 2.643314193456993699e+00 -5.965714782324531562e-01
2.507019524016604883e+00 2.652824476829541034e+00 -5.903104278048477704e-01
2.496372345533533821e+00 2.662444413322901493e+00 -5.841244775521993171e-01
2.485828623380094804e+00 2.672172504179830099e+00 -5.780209160486436959e-01
2.475383787327592788e+00 2.682007053257833284e+00 -5.720068588527841280e-01
2.465033184328820681e+00 2.691946172600167664e+00 -5.660892424726610139e-01
2.454772088630660765e+00 2.701987788149396774e+00 -5.602748192462857491e-01
2.444595711618282596e+00 2.712129645535867439e+00 -5.545701530987930949e-01
2.434499211343701397e+00 2.722369315881984608e+00 -5.489816161241398706e-01
2.424477701702914434e+00 2.732704201572635938e+00 -5.435153859294685752e-01
2.414526261236260130e+00 2.743131541951121743e+00 -5.381774436738180345e-01
2.404639941536518055e+00 2.753648418909150131e+00 -5.329735727297517656e-01
2.394813775257401023e+00 2.764251762347284647e+00 -5.279093578963106603e-01
2.385042783721949000e+00 2.774938355489222186e+00 -5.229901850941643948e-01
2.375321984135514430e+00 2.785704840038844221e+00 -5.182212414783696763e-01
2.365646396411404506e+00 2.796547721172777834e+00 -5.136075159102111432e-01
2.356011049619353148e+00 2.807463372363801390e+00 -5.091537997365990220e-01
2.346410988067440861e+00 2.818448040031192647e+00 -5.048646878328229004e-01
2.336841277027536634e+00 2.829497848013724948e+00 -5.007445798715576268e-01
2.327297008112843457e+00 2.840608801859420662e+00 -4.967976817874244500e-01
2.317773304314063143e+00 2.851776792923754300e+00 -4.930280074116714650e-01
2.308265324698433041e+00 2.862997602265149766e+00 -4.894393802553614892e-01
2.298768268773512258e+00 2.874266904323371730e+00 -4.860354354217387707e-01
2.289277380515784444e+00 2.885580270363736766e+00 -4.828196216289503684e-01
2.279787952062752421e+00 2.896933171667631868e+00 -4.797952033232439906e-01
2.270295327066691016e+00 2.908320982448434400e+00 -4.769652628602246702e-01
2.260794903708671200e+00 2.919738982471631772e+00 -4.743327027279731212e-01
2.251282137373006975e+00 2.931182359359087108e+00 -4.719002477812121454e-01
2.241752542984839724e+00 2.942646210559977327e+00 -4.696704474505789539e-01
2.232201697017215380e+00 2.954125544975155560e+00 -4.676456778859219843e-01
2.222625239178665169e+00 2.965615284227551385e+00 -4.658281439877657304e-01
2.213018873797531594e+00 2.977110263578348182e+00 -4.642198812771758387e-01
2.203378370925316077e+00 2.988605232497379305e+00 -4.628227575515647119e-01
2.193699567187350041e+00 3.000094854905489772e+00 -4.616384742728207313e-01
2.183978366415271211e+00 3.011573709116817987e+00 -4.606685676348133973e-01
2.174210740101474304e+00 3.023036287519165199e+00 -4.599144092599530276e-01
2.164392727720649390e+00 3.034476996040511132e+00 -4.593772064790602738e-01
2.154520436967616082e+00 3.045890153459041905e+00 -4.590580021553359868e-01
2.144590043963038539e+00 3.057269990621611644e+00 -4.589576740214451611e-01
2.134597793480044636e+00 3.068610649642099286e+00 -4.590769335083329517e-01
2.124539999243749921e+00 3.079906183154624610e+00 -4.594163240550545591e-01
2.114413044353628646e+00 3.091150553698582382e+00 -4.599762188999997337e-01
2.104213381874338484e+00 3.102337633311227361e+00 -4.607568183650360694e-01
2.093937535634895930e+00 3.113461203399977340e+00 -4.617581466546220592e-01
2.083582101268970810e+00 3.124514954960574631e+00 -4.629800482013390339e-01
2.073143747520736380e+00 3.135492489198810517e+00 -4.644221835971027446e-01
2.062619217831892726e+00 3.146387318603574901e+00 -4.660840251550379398e-01
2.052005332216154887e+00 3.157192868507455064e+00 -4.679648521503980696e-01
2.041298989418605991e+00 3.167902479159265816e+00 -4.700637457898016458e-01
2.030497169348970399e+00 3.178509408320982388e+00 -4.723795839563953436e-01
2.019596935770727075e+00 3.189006834390528233e+00 -4.749110357745189304e-01
2.008595439222243595e+00 3.199387860042290477e+00 -4.776565560313727477e-01
1.997489920142402342e+00 3.209645516370130292e+00 -4.806143794854805806e-01
1.986277712171186982e+00 3.219772767512813605e+00 -4.837825150830790122e-01
1.974956245596031890e+00 3.229762515740393081e+00 -4.871587400945684987e-01
1.963523050916956336e+00 3.239607606981802057e+00 -4.907405941746618705e-01
1.951975762507566214e+00 3.249300836778796331e+00 -4.945253733425428733e-01
1.940312122354688418e+00 3.258834956659560245e+00 -4.985101238730974549e-01
1.928529983865879815e+00 3.268202680935361037e+00 -5.026916360874134071e-01
1.916627315742027493e+00 3.277396693937275174e+00 -5.070664380315393904e-01
1.904602205918619173e+00 3.286409657721838684e+00 -5.116307890359221844e-01
1.892452865587468391e+00 3.295234220290613525e+00 -5.163806731561927377e-01
1.880177633315512020e+00 3.303863024380041313e+00 -5.213117925067821679e-01
1.867774979282578407e+00 3.312288716891148344e+00 -5.264195605139094791e-01
1.855243509661738788e+00 3.320503959036401831e+00 -5.316990951317872582e-01
1.842581971166647570e+00 3.328501437287754605e+00 -5.371452120859934176e-01
1.829789255787664715e+00 3.336273875210790330e+00 -5.427524182291558752e-01
1.816864405733965793e+00 3.343814046267275408e+00 -5.485149051159430300e-01
1.803806618591589750e+00 3.351114787660332883e+00 -5.544265429256440836e-01
1.790615252698006588e+00 3.358169015283856584e+00 -5.604808748804159801e-01
1.777289832722507290e+00 3.364969739820157013e+00 -5.666711123244726478e-01
1.763830055429021604e+00 3.371510084008218833e+00 -5.729901306433143882e-01
1.750235795584422993e+00 3.377783301079481770e+00 -5.794304662116400717e-01
1.736507111961388405e+00 3.383782794329802890e+00 -5.859843145633413242e-01
1.722644253371315326e+00 3.389502137766204903e+00 -5.926435299764698517e-01
1.708647664650004838e+00 3.394935097735991558e+00 -5.993996266601475664e-01
1.694517992507457382e+00 3.400075655415115250e+00 -6.062437817190645672e-01
1.680256091143799813e+00 3.404918030003343254e+00 -6.131668400546856912e-01
1.665863027526109708e+00 3.409456702446468590e+00 -6.201593213411139560e-01
1.651340086216700698e+00 3.413686439482366275e+00 -6.272114291881817350e-01
1.636688773641606698e+00 3.417602317787561184e+00 -6.343130625756495666e-01
1.621910821689524829e+00 3.421199747986102935e+00 -6.414538296111511606e-01
1.607008190535649028e+00 3.424474498272553458e+00 -6.486230636316274722e-01
1.591983070591899141e+00 3.427422717396206409e+00 -6.558098416343690618e-01
1.576837883494625947e+00 3.430040956754609738e+00 -6.630030049903080647e-01
1.561575282052666047e+00 3.432326191350436151e+00 -6.701911823596032880e-01
1.546198149092657514e+00 3.434275839377778361e+00 -6.773628146992864973e-01
1.530709595152376812e+00 3.435887780216779763e+00 -6.845061822220662728e-01
1.515112954991608696e+00 3.437160370641181739e+00 -6.916094331440401088e-01
1.499411782903166124e+00 3.438092459058543771e+00 -6.986606140304435497e-01
1.483609846826388079e+00 3.438683397635307948e+00 -7.056477015343995962e-01
1.467711121280075082e+00 3.438933052182466810e+00 -7.125586353047218546e-01
1.451719779147905287e+00 3.438841809707300801e+00 -7.193813518272944574e-01
1.435640182363837614e+00 3.438410583565278067e+00 -7.261038189550924615e-01
1.419476871558048803e+00 3.437640816174497793e+00 -7.327140708756406662e-01
1.403234554735574457e+00 3.436534479282562060e+00 -7.392002432614437346e-01
1.386918095069711088e+00 3.435094071801780391e+00 -7.455506083481185930e-01
1.370532497900345925e+00 3.433322615252806465e+00 -7.517536096866516138e-01
1.354082897033883182e+00 3.431223646879204114e+00 -7.577978963199878404e-01
1.337574540446079263e+00 3.428801210515392217e+00 -7.636723561400233784e-01
1.321012775492337532e+00 3.426059845308510265e+00 -7.693661481885656350e-01
1.304403033731775130e+00 3.423004572410855761e+00 -7.748687336755961663e-01
1.287750815471842003e+00 3.419640879773544029e+00 -7.801699054991220184e-01
1.271061674139680076e+00 3.415974705184653626e+00 -7.852598160641529601e-01
1.254341200584865978e+00 3.412012417706117073e+00 -7.901290032132033403e-01
1.237595007415863924e+00 3.407760797673597075e+00 -7.947684140975727063e-01
1.220828713469456206e+00 3.403227015432195746e+00 -7.991694268375031385e-01
1.204047928508812593e+00 3.398418608988787781e+00 -8.033238698401286015e-01
1.187258238241682973e+00 3.393343460768504460e+00 -8.072240386669271572e-01
1.170465189745400370e+00 3.388009773668586799e+00 -8.108627103670157377e-01
1.153674277380160929e+00 3.382426046607405645e+00 -8.142331552189291388e-01
1.136890929266082040e+00 3.376601049769349050e+00 -8.173291458511223739e-01
1.120120494393025856e+00 3.370543799747326208e+00 -8.201449637400852755e-01
1.103368230424955021e+00 3.364263534783741516e+00 -8.226754031139754675e-01
1.086639292252663092e+00 3.357769690306959820e+00 -8.249157723186939517e-01
1.069938721340084609e+00 3.351071874953933438e+00 -8.268618927315743994e-01
1.053271435900068775e+00 3.344179847259802774e+00 -8.285100953347951380e-01
1.036642221925700325e+00 3.337103493182567160e+00 -8.298572150855053620e-01
1.020055725092763099e+00 3.329852804614298556e+00 -8.309005832419578130e-01
1.003516443538442049e+00 3.322437859011103001e+00 -8.316380178239990428e-01
9.870287215105159051e-01 3.314868800251380421e+00 -8.320678124017349964e-01
9.705967438707924222e-01 3.307155820806981339e+00 -8.321887234175775472e-01
9.542245314263531064e-01 3.299309145285002742e+00 -8.319999562541338101e-01
9.379159370527535566e-01 3.291339015369775023e+00 -8.315011502632799756e-01
9.216746425647972529e-01 3.283255676166127124e+00 -8.306923629705192935e-01
9.055041562832762958e-01 3.275069363916992771e+00 -8.295740536634631512e-01
8.894078112401524461e-01 3.266790295041763326e+00 -8.281470665644061757e-01
8.733887639604400732e-01 3.258428656417415858e+00 -8.264126137749714385e-01
8.574499937563725416e-01 3.249994596802947111e+00 -8.243722581662432658e-01
8.415943024686383112e-01 3.241498219290015470e+00 -8.220278963712226439e-01
8.258243145901915661e-01 3.232949574649001345e+00 -8.193817420186386702e-01
8.101424777106031039e-01 3.224358655430664466e+00 -8.164363093285329498e-01
7.945510632226689962e-01 3.215735390679046013e+00 -8.131943971714885588e-01
7.790521672380626983e-01 3.207089641111235068e+00 -8.096590736751070327e-01
7.636477116647577557e-01 3.198431194623879925e+00 -8.058336614441354850e-01
7.483394454056444545e-01 3.189769761994288189e+00 -8.017217234445767060e-01
7.331289456447425135e-01 3.181114972655011197e+00 -7.973270495876242370e-01
7.180176191945980557e-01 3.172476370434414772e+00 -7.926536440364057023e-01
7.030067038853801131e-01 3.163863409170935448e+00 -7.877057132473306300e-01
6.880972699827259120e-01 3.155285448124572234e+00 -7.824876547482165767e-01
6.732902216274136986e-01 3.146751747125621446e+00 -7.770040466474754659e-01
6.585862982950417832e-01 3.138271461415777619e+00 -7.712596378616988213e-01
6.439860762784054282e-01 3.129853636151453511e+00 -7.652593390434929699e-01
6.294899701986967910e-01 3.121507200551688399e+00 -7.590082141865447385e-01
6.150982345544303564e-01 3.113240961684124564e+00 -7.525114728808255382e-01
6.008109653188712374e-01 3.105063597891509541e+00 -7.457744631871469077e-01
5.866281015980241431e-01 3.096983651868325360e+00 -7.388026650969622411e-01
5.725494273618897401e-01 3.089009523402709068e+00 -7.316016845402203428e-01
5.585745732620097659e-01 3.081149461803176504e+00 -7.241772479012066333e-01
5.447030185481912534e-01 3.073411558032808077e+00 -7.165351969996821557e-01
5.309340930971546690e-01 3.065803736576800276e+00 -7.086814844924296253e-01
5.172669795654269986e-01 3.058333747071957820e+00 -7.006221696485199768e-01
5.037007156785163753e-01 3.051009155730331823e+00 -6.923634144505802501e-01
4.902341966679603091e-01 3.043837336593069764e+00 -6.839114799740635409e-01
4.768661778675584162e-01 3.036825462655768693e+00 -6.752727229973165546e-01
4.635952774796353593e-01 3.029980496912403787e+00 -6.664535927971206863e-01
4.504199795217829760e-01 3.023309183371873932e+00 -6.574606280874792930e-01
4.373386369638621041e-01 3.016818038108587618e+00 -6.483004540637471447e-01
4.243494750642519686e-01 3.010513340416252515e+00 -6.389797795196565655e-01
4.114505949131662121e-01 3.004401124141524715e+00 -6.295053940112346202e-01
3.986399771893852639e-01 2.998487169280935394e+00 -6.198841650488493560e-01
3.859154861348451648e-01 2.992776993929857188e+00 -6.101230353062445655e-01
3.732748737491867752e-01 2.987275846675788493e+00 -6.002290198432583823e-01
3.607157842036675111e-01 2.981988699529285913e+00 -5.902092033463185450e-01
3.482357584707082565e-01 2.976920241484081853e+00 -5.800707373976483616e-01
3.358322391620046643e-01 2.972074872792958011e+00 -5.698208377897669985e-01
3.235025755645352108e-01 2.967456700037677031e+00 -5.594667819061301950e-01
3.112440288602247307e-01 2.963069532059591005e+00 -5.490159061912901484e-01
2.990537775114809893e-01 2.958916876802885731e+00 -5.384756037345922453e-01
2.869289227915827745e-01 2.955001939104569431e+00 -5.278533219900372053e-01
2.748664944360134088e-01 2.951327619445407002e+00 -5.171565606515885483e-01
2.628634563885485775e-01 2.947896513653975870e+00 -5.063928696979852484e-01
2.509167126142386461e-01 2.944710913533041374e+00 -4.955698476142362252e-01
2.390231129505933638e-01 2.941772808353863677e+00 -4.846951397888299429e-01
2.271794589682381016e-01 2.939083887141051399e+00 -4.737764370764995792e-01
2.153825098132251814e-01 2.936645541648486457e+00 -4.628214745067854019e-01
2.036289880049215184e-01 2.934458869906718004e+00 -4.518380301088228967e-01
1.919155851660925838e-01 2.932524680204814160e+00 -4.408339238134093008e-01
1.802389676651955375e-01 2.930843495355087924e+00 -4.298170163846404823e-01
1.685957821551117009e-01 2.929415557078668630e+00 -4.187952083257927560e-01
1.569826609972406750e-01 2.928240830343146861e+00 -4.077764386976895361e-01
1.453962275650886871e-01 2.927319007481356206e+00 -3.967686837828881541e-01
1.338331014269387720e-01 2.926649511922698288e+00 -3.857799555255786994e-01
1.222899034127235413e-01 2.926231501375175625e+00 -3.748182996751275864e-01
1.107632605757311317e-01 2.926063870307548775e+00 -3.638917935606594822e-01
9.924981106495894823e-02 2.926145251596558250e+00 -3.530085434246877374e-01
8.774620892875226175e-02 2.926474017223362090e+00 -3.421766812454502538e-01
7.624912887452971189e-02 2.927048277926358466e+00 -3.314043609799829371e-01
6.475527101289284271e-02 2.927865881743218601e+00 -3.206997541629032500e-01
5.326136561698069372e-02 2.928924411403399652e+00 -3.100710447990603913e-01
4.176417792960699510e-02 2.930221180562696315e+00 -2.995264234916485413e-01
3.026051305126191068e-02 2.931753228902885589e+00 -2.890740807507947152e-01
1.874722094159283689e-02 2.933517316151946108e+00 -2.787221994312007456e-01
7.221201565292646903e-03 2.935509915112895385e+00 -2.684789462510469016e-01
-4.320589789417014076e-03 2.937727203821228983e+00 -2.583524623483799965e-01
-1.588113699545936827e-02 2.940165056982157132e+00 -2.483508528356884182e-01
-2.746335735541867093e-02 2.942819036868302707e+00 -2.384821753187715276e-01
-3.907009564060915513e-02 2.945684383885911473e+00 -2.287544273525157768e-01
-5.070411789426648025e-02 2.948756007042386607e+00 -2.191755328143464854e-01
-6.236810500018179909e-02 2.952028474569531991e+00 -2.097533271860480553e-01
-7.406464602643451911e-02 2.955496004974641266e+00 -2.004955417468543832e-01
-8.579623136280904727e-02 2.959152458805214270e+00 -1.914097866952367832e-01
-9.756524567967908568e-02 2.962991331421746199e+00 -1.825035332338895422e-01
-1.093739607454995016e-01 2.967005747076666200e+00 -1.737840946719641788e-01
-1.212245281493256055e-01 2.971188454595072415e+00 -1.652586066204207449e-01
-1.331189719836750329e-01 2.975531824944641635e+00 -1.569340063802137641e-01
-1.450591815514294669e-01 2.980027850967116088e+00 -1.488170116482601113e-01
-1.570469041679187217e-01 2.984668149522097469e+00 -1.409140986922318151e-01
-1.690837381357546687e-01 2.989443966265652897e+00 -1.332314801711492469e-01
-1.811711259749438918e-01 2.994346183251134441e+00 -1.257750828040309909e-01
-1.933103479942366310e-01 2.999365329498213217e+00 -1.185505251115678699e-01
-2.055025162912119396e-01 3.004491594629224327e+00 -1.115630954762368843e-01
-2.177485692682128715e-01 3.009714845619768653e+00 -1.048177307819623122e-01
-2.300492667486807585e-01 3.015024646654673290e+00 -9.831899590548365264e-02
-2.424051857737873628e-01 3.020410282021874337e+00 -9.207106433659330291e-02
-2.548167171523970653e-01 3.025860781917323106e+00 -8.607770020294511215e-02
-2.672840628285437226e-01 3.031364950974839267e+00 -8.034224196663482254e-02
-2.798072341198175050e-01 3.036911399278239720e+00 -7.486758804418808255e-02
-2.923860508677148529e-01 3.042488575560272412e+00 -6.965618457898464788e-02
-3.050201415272817962e-01 3.048084802246006308e+00 -6.471001556599768889e-02
-3.177089442088089632e-01 3.053688311958601354e+00 -6.003059549372120191e-02
-3.304517086691739491e-01 3.059287285074293372e+00 -5.561896462834533400e-02
-3.432474992352886334e-01 3.064869887891986444e+00 -5.147568702172328897e-02
-3.560951986272778980e-01 3.070424310971548998e+00 -4.760085127897198398e-02
-3.689935126350461503e-01 3.075938807194298796e+00 -4.399407407501359363e-02
-3.819409755891385871e-01 3.081401729108815601e+00 -4.065450636353179492e-02
-3.949359565555639051e-01 3.086801565144912551e+00 -3.758084217815461231e-02
-4.079766661748941425e-01 3.092126974307086495e+00 -3.477132988540802133e-02
-4.210611640585682491e-01 3.097366818995298754e+00 -3.222378571331061675e-02
-4.341873666501378515e-01 3.102510195643642277e+00 -2.993560934920909064e-02
-4.473530554561069295e-01 3.107546462915160124e+00 -2.790380137624684856e-02
-4.605558855501007409e-01 3.112465267241658395e+00 -2.612498229995445162e-02
-4.737933942551277866e-01 3.117256565549729963e+00 -2.459541290499271324e-02
-4.870630099115988987e-01 3.121910645066205081e+00 -2.331101567671919547e-02
-5.003620606431971041e-01 3.126418140146972391e+00 -2.226739702262772735e-02
-5.136877830385161436e-01 3.130770046120818328e+00 -2.145987003415734257e-02
-5.270373306732460961e-01 3.134957730184311675e+00 -2.088347753911789367e-02
-5.404077824053650225e-01 3.138972939423124942e+00 -2.053301520822254853e-02
-5.537961503839988753e-01 3.142807806070118559e+00 -2.040305449513545727e-02
-5.671993877211538582e-01 3.146454850139743797e+00 -2.048796520714461084e-02
-5.806143957841055636e-01 3.149906979602578705e+00 -2.078193752243295486e-02
-5.940380310747737092e-01 3.153157488282641197e+00 -2.127900328922487094e-02
-6.074671116706699125e-01 3.156200051674350249e+00 -2.197305646134278465e-02
-6.208984232099422629e-01 3.159028720885391994e+00 -2.285787254357161263e-02
-6.343287244105086931e-01 3.161637914917439396e+00 -2.392712693836739068e-02
-6.477547521202663416e-01 3.164022411498511378e+00 -2.517441210280662450e-02
-6.611732259018111568e-01 3.166177336679802501e+00 -2.659325344110248859e-02
-6.745808521609857333e-01 3.168098153406142981e+00 -2.817712387360916948e-02
-6.879743278339705004e-01 3.169780649263623129e+00 -2.991945703805370602e-02
-7.013503436523944590e-01 3.171220923600573283e+00 -3.181365909281572146e-02
-7.147055870102986264e-01 3.172415374209519356e+00 -3.385311910556196291e-02
-7.280367444605287952e-01 3.173360683748152056e+00 -3.603121802354185277e-02
-7.413405038714983020e-01 3.174053806067085315e+00 -3.834133623427016940e-02
-7.546135562780815764e-01 3.174491952601441014e+00 -4.077685973739634401e-02
-7.678525974628594986e-01 3.174672578972177917e+00 -4.333118496003372094e-02
-7.810543293058705983e-01 3.174593371931729635e+00 -4.599772225878785009e-02
-7.942154609426655965e-01 3.174252236777147296e+00 -4.876989816201305478e-02
-8.073327097715469192e-01 3.173647285342288793e+00 -5.164115641535218376e-02
-8.204028023517129231e-01 3.172776824669142570e+00 -5.460495790219352386e-02
-8.334224752343409870e-01 3.171639346446816443e+00 -5.765477951828483494e-02
-8.463884757686859217e-01 3.170233517295251602e+00 -6.078411208612428257e-02
-8.592975629248771341e-01 3.168558169959504234e+00 -6.398645739994135440e-02
-8.721465081744184111e-01 3.166612295469242166e+00 -6.725532449594312512e-02
-8.849320964683963231e-01 3.164395036307502185e+00 -7.058422524507888818e-02
-8.976511273521733392e-01 3.161905680622371317e+00 -7.396666936684719029e-02
-9.103004162538578248e-01 3.159143657505561809e+00 -7.739615896286211605e-02
-9.228767959822671285e-01 3.156108533352719014e+00 -8.086618266736213256e-02
-9.353771184685063522e-01 3.152800009312506369e+00 -8.437020951205972952e-02
-9.477982567834023486e-01 3.149217919823522838e+00 -8.790168259619286772e-02
-9.601371074616654733e-01 3.145362232232745470e+00 -9.145401265486942377e-02
-9.723905931619036824e-01 3.141233047483391161e+00 -9.502057161169739918e-02
-9.845556656903309278e-01 3.136830601856199330e+00 -9.859468620087610824e-02
-9.966293094147138376e-01 3.132155269744917092e+00 -1.021696317408313098e-01
-1.008608545094034747e+00 3.127207567444335812e+00 -1.057386261396977417e-01
-1.020490434148284109e+00 3.121988157927372054e+00 -1.092948242118707697e-01
-1.032272083391883255e+00 3.116497856586149418e+00 -1.128313123847467236e-01
-1.043950650253088197e+00 3.110737637910329756e+00 -1.163411038756218263e-01
-1.055523348500523095e+00 3.104708643073855079e+00 -1.198171344206414579e-01
-1.066987454496253207e+00 3.098412188398262934e+00 -1.232522586403945741e-01
-1.078340313992675048e+00 3.091849774656519223e+00 -1.266392471305581302e-01
-1.089579349487464377e+00 3.085023097175410900e+00 -1.299707843692332054e-01
-1.100702068147008994e+00 3.077934056686731701e+00 -1.332394675378536786e-01
-1.111706070303737359e+00 3.070584770867607727e+00 -1.364378063553536580e-01
-1.122589058526573202e+00 3.062977586497991123e+00 -1.395582240289409137e-01
-1.133348847256193892e+00 3.055115092149034428e+00 -1.425930594265913398e-01
-1.143983372987877889e+00 3.047000131299447023e+00 -1.455345705765428987e-01
-1.154490704974402870e+00 3.038635815758701675e+00 -1.483749395970673235e-01
-1.164869056409945758e+00 3.030025539256358869e+00 -1.511062791551651130e-01
-1.175116796043217615e+00 3.021172991036500388e+00 -1.537206405451435332e-01
-1.185232460154457934e+00 3.012082169275828392e+00 -1.562100234670769083e-01
-1.195214764816815656e+00 3.002757394124619506e+00 -1.585663875707001569e-01
-1.205062618348109682e+00 2.993203320151570423e+00 -1.607816658122986631e-01
-1.214775133844789190e+00 2.983424947958220219e+00 -1.628477796507345199e-01
-1.224351641676274971e+00 2.973427634716614421e+00 -1.647566560841358385e-01
-1.233791701805248886e+00 2.963217103375588302e+00 -1.665002465013223909e-01
-1.243095115788534599e+00 2.952799450278190019e+00 -1.680705472922956745e-01
-1.252261938304156219e+00 2.942181150934680911e+00 -1.694596221307076989e-01
-1.261292488043568527e+00 2.931369063703628264e+00 -1.706596258089301821e-01
-1.270187357804278161e+00 2.920370431147554680e+00 -1.716628294738545002e-01
-1.278947423617206924e+00 2.909192878849420794e+00 -1.724616470799471557e-01
-1.287573852745793168e+00 2.897844411502254136e+00 -1.730486628459884102e-01
-1.296068110399606121e+00 2.886333406115342282e+00 -1.734166594743305478e-01
-1.304431965014648087e+00 2.874668602216755353e+00 -1.735586468672416227e-01
-1.312667491965221034e+00 2.862859088972613097e+00 -1.734678910544755481e-01
-1.320777075588098981e+00 2.850914289187325146e+00 -1.731379430304638145e-01
-1.328763409418699082e+00 2.838843940195838744e+00 -1.725626671887997843e-01
-1.336629494560480413e+00 2.826658071706949382e+00 -1.717362690362929378e-01
-1.344378636132693039e+00 2.814366980705493848e+00 -1.706533218692062592e-01
-1.352014437767345978e+00 2.801981203569617218e+00 -1.693087921001646401e-01
-1.359540794153389021e+00 2.789511485605987495e+00 -1.676980629358293673e-01
-1.366961881654237709e+00 2.776968748250431496e+00 -1.658169561223915289e-01
-1.374282147053104808e+00 2.764364054222426592e+00 -1.636617514981292820e-01
-1.381506294508925814e+00 2.751708570958868449e+00 -1.612292041191797365e-01
-1.388639270833238015e+00 2.739013532684646091e+00 -1.585165587559621281e-01
-1.395686249224589393e+00 2.726290201503786648e+00 -1.555215615927445783e-01
-1.402652611621552081e+00 2.713549827915302526e+00 -1.522424690011317805e-01
-1.409543929857571820e+00 2.700803611171387342e+00 -1.486780532990226722e-01
-1.416365945820087902e+00 2.688062659902026752e+00 -1.448276054495465925e-01
-1.423124550832447710e+00 2.675337953429406834e+00 -1.406909346978685305e-01
-1.429825764489242035e+00 2.662640304187114726e+00 -1.362683651884521174e-01
-1.436475713184020009e+00 2.649980321643648828e+00 -1.315607296487045774e-01
-1.443080608572045342e+00 2.637368378106754729e+00 -1.265693602674382856e-01
-1.449646726210191083e+00 2.624814576755515105e+00 -1.212960769366916991e-01
-1.456180384610755496e+00 2.612328722211089360e+00 -1.157431730625628208e-01
-1.462687924936274531e+00 2.599920293915361835e+00 -1.099133991838860264e-01
-1.469175691548296081e+00 2.587598422540476228e+00 -1.038099446661132907e-01
-1.475650013604993482e+00 2.575371869602112618e+00 -9.743641776088091122e-02
-1.482117187880809039e+00 2.563249010396916105e+00 -9.079682433896821281e-02
-1.488583462956569736e+00 2.551237820330412465e+00 -8.389554561509597608e-02
-1.495055024901336127e+00 2.539345864647831963e+00 -7.673731518715901090e-02
-1.501537984538406922e+00 2.527580291527484757e+00 -6.932719570975594270e-02
-1.508038366357957294e+00 2.515947828445930234e+00 -6.167055551254472384e-02
-1.514562099108706983e+00 2.504454781677362796e+00 -5.377304545813602066e-02
-1.521115008071386443e+00 2.493107038747305104e+00 -4.564057631251545316e-02
-1.527702808988261163e+00 2.481910073623684543e+00 -3.727929687400899361e-02
-1.534331103596324963e+00 2.470868954397230421e+00 -2.869557307531051676e-02
-1.541005376687388351e+00 2.459988353178422571e+00 -1.989596823811447951e-02
-1.547730994596574705e+00 2.449272557919742965e+00 -1.088722462240360352e-02
-1.554513205002181708e+00 2.438725485860389064e+00 -1.676246373253356117e-03
-1.561357137903969683e+00 2.428350698284217124e+00 7.729916070107131776e-03
-1.568267807635485012e+00 2.418151416283130573e+00 1.732408007888057433e-02
-1.575250115755920000e+00 2.408130537221822465e+00 2.709894346263862566e-02
-1.582308854661863329e+00 2.398290651611254543e+00 3.704709566633070106e-02
-1.589448711755682142e+00 2.388634060111400892e+00 4.716102761123839443e-02
-1.596674274006905758e+00 2.379162790401343486e+00 5.743314028097822044e-02
-1.603990032744721628e+00 2.369878613674430312e+00 6.785575217478849452e-02
-1.611400388523544613e+00 2.360783060537956946e+00 7.842110576639181596e-02
-1.618909655909162693e+00 2.351877436119670151e+00 8.912137311750154001e-02
-1.626522068040160418e+00 2.343162834207342726e+00 9.994866080061523550e-02
-1.634241780827573765e+00 2.334640150271592329e+00 1.108950142862539234e-01
-1.642072876665418457e+00 2.326310093246697797e+00 1.219524219458303915e-01
-1.650019367535026094e+00 2.318173195967946132e+00 1.331128188126984579e-01
-1.658085197397883848e+00 2.310229824188356762e+00 1.443680902327678095e-01
-1.666274243783608222e+00 2.302480184120739626e+00 1.557100755208171705e-01
-1.674590318493138330e+00 2.294924328474504005e+00 1.671305717223013909e-01
-1.683037167351081997e+00 2.287562160979240922e+00 1.786213375621909516e-01
-1.691618468956000099e+00 2.280393439409385437e+00 1.901740976437716057e-01
-1.700337832393100657e+00 2.273417777146239160e+00 2.017805469416238395e-01
-1.709198793890159829e+00 2.266634643334794585e+00 2.134323556151194456e-01
-1.718204812414602767e+00 2.260043361713569787e+00 2.251211741519833220e-01
-1.727359264227263047e+00 2.253643108215382718e+00 2.368386388363536987e-01
-1.736665436426264808e+00 2.247432907455815698e+00 2.485763775224921757e-01
-1.746126519532515964e+00 2.241411628243457521e+00 2.603260156841891715e-01
-1.755745599186095296e+00 2.235577978261807708e+00 2.720791827008238184e-01
-1.765525647040070201e+00 2.229930498086357904e+00 2.838275183342023888e-01
-1.775469510954520214e+00 2.224467554711745176e+00 2.955626793453062229e-01
-1.785579904608412871e+00 2.219187334772273701e+00 3.072763461970569043e-01
-1.795859396660080654e+00 2.214087837644617807e+00 3.189602297876310000e-01
-1.806310399597726324e+00 2.209166868623293034e+00 3.306060781587888409e-01
-1.816935158429546115e+00 2.204422032357810757e+00 3.422056831245566255e-01
-1.827735739368107737e+00 2.199850726734762674e+00 3.537508867675680513e-01
-1.838714018665275951e+00 2.195450137378464728e+00 3.652335877529164776e-01
-1.849871671752167712e+00 2.191217232930351866e+00 3.766457474126063132e-01
-1.861210162833001780e+00 2.187148761250141238e+00 3.879793955573860864e-01
-1.872730735072480002e+00 2.183241246661149493e+00 3.992266359769830464e-01
-1.884434401503541245e+00 2.179490988338640634e+00 4.103796515945051238e-01
-1.896321936766098393e+00 2.175894059914060374e+00 4.214307092460300441e-01
-1.908393869768448603e+00 2.172446310340400810e+00 4.323721640623973683e-01
-1.920650477341432127e+00 2.169143366035204412e+00 4.431964634368171785e-01
-1.933091778932276350e+00 2.165980634288977136e+00 4.538961505693977494e-01
-1.945717532360674573e+00 2.162953307898791255e+00 4.644638675878248746e-01
-1.958527230635034533e+00 2.160056370960330430e+00 4.748923582525218512e-01
-1.971520099802797743e+00 2.157284605727777471e+00 4.851744702641908602e-01
-1.984695097785872608e+00 2.154632600430003819e+00 4.953031572019627182e-01
-1.998050914131686451e+00 2.152094757914762457e+00 5.052714801308336723e-01
-2.011585970592391526e+00 2.149665304979792690e+00 5.150726089278191422e-01
-2.025298422430382939e+00 2.147338302241966534e+00 5.246998233865073358e-01
-2.039186160337661757e+00 2.145107654392453433e+00 5.341465141696573049e-01
-2.053246812850070047e+00 2.142967120687629290e+00 5.434061836882471130e-01
-2.067477749135298026e+00 2.140910325531737879e+00 5.524724469930899495e-01
-2.081876082035549302e+00 2.138930769017792333e+00 5.613390327711428318e-01
-2.096438671251903862e+00 2.137021837307383265e+00 5.699997845429088938e-01
-2.111162126566916264e+00 2.135176812746965691e+00 5.784486621594641109e-01
-2.126042811014983158e+00 2.133388883637605815e+00 5.866797436978254954e-01
-2.141076843925149298e+00 2.131651153595593318e+00 5.946872278511665666e-01
-2.156260103778082637e+00 2.129956650462446532e+00 6.024654369062476533e-01
-2.171588230837156352e+00 2.128298334743659925e+00 6.100088203941793630e-01
-2.187056629531845875e+00 2.126669107575166251e+00 6.173119594926318454e-01
-2.202660470589839381e+00 2.125061818234631694e+00 6.243695722480470112e-01
-2.218394692931163092e+00 2.123469271230472799e+00 6.311765196755830809e-01
-2.234254005353286665e+00 2.121884233014844856e+00 6.377278127827398224e-01
-2.250232888049694679e+00 2.120299438377288404e+00 6.440186205502205219e-01
-2.266325594016105338e+00 2.118707596583555119e+00 6.500442788908066261e-01
-2.282526150407546250e+00 2.117101397328958523e+00 6.558003005941415164e-01
-2.298828359916898378e+00 2.115473516578263435e+00 6.612823862526268082e-01
-2.315225802250326481e+00 2.113816622364294240e+00 6.664864361510657309e-01
-2.331711835778526698e+00 2.112123380616055091e+00 6.714085630906375668e-01
-2.348279599444580423e+00 2.110386461084414300e+00 6.760451061059075117e-01
-2.364922015010041179e+00 2.108598543429580641e+00 6.803926450221480238e-01
-2.381631789721255554e+00 2.106752323530591386e+00 6.844480157889404337e-01
-2.398401419477742991e+00 2.104840520072571941e+00 6.882083265148221107e-01
-2.415223192584440959e+00 2.102855881463407961e+00 6.916709741163957759e-01
-2.432089194169682056e+00 2.100791193127455880e+00 6.948336614837486991e-01
-2.448991311351059519e+00 2.098639285220321060e+00 6.976944150519632792e-01
-2.465921239231793738e+00 2.096393040805226260e+00 7.002516026560335893e-01
-2.482870487810516558e+00 2.094045404528130039e+00 7.025039515333464379e-01
-2.499830389887506055e+00 2.091589391825102506e+00 7.044505663243622040e-01
-2.516792110049488329e+00 2.089018098691180825e+00 7.060909469081945167e-01
-2.533746654813028076e+00 2.086324712034830942e+00 7.074250058958597709e-01
-2.550684884002596409e+00 2.083502520635621025e+00 7.084530855903299340e-01
-2.567597523432981532e+00 2.080544926714645637e+00 7.091759742097748509e-01
-2.584475178956544106e+00 2.077445458117257893e+00 7.095949211590473205e-01
-2.601308351923357520e+00 2.074197781095813209e+00 7.097116511253134252e-01
-2.618087456086302556e+00 2.070795713666056415e+00 7.095283767673107311e-01
-2.634802835963712564e+00 2.067233239495101849e+00 7.090478097650079192e-01
-2.651444786649329810e+00 2.063504522261567775e+00 7.082731699978203066e-01
-2.668003575033234931e+00 2.059603920409978528e+00 7.072081926258525497e-01
-2.684469462369054149e+00 2.055526002202575864e+00 7.058571328601962458e-01
-2.700832728092442458e+00 2.051265560952901801e+00 7.042247682254705321e-01
-2.717083694764882207e+00 2.046817630307637970e+00 7.023163981406215228e-01
-2.733212753985927446e+00 2.042177499427057175e+00 7.001378406723389736e-01
-2.749210393087664350e+00 2.037340727900819992e+00 6.976954263489433261e-01
-2.765067222398224001e+00 2.032303160225485961e+00 6.949959889606247554e-01
-2.780774002837849590e+00 2.027060939663506645e+00 6.920468533135388789e-01
-2.796321673592388368e+00 2.021610521301353103e+00 6.888558199496445100e-01
-2.811701379595729300e+00 2.015948684126679602e+00 6.854311468898844906e-01
-2.826904498545646849e+00 2.010072541951657854e+00 6.817815285042675422e-01
-2.841922667176603579e+00 2.003979553021251636e+00 6.779160716572377732e-01
-2.856747806518795674e+00 1.997667528161165329e+00 6.738442693190737076e-01
-2.871372145884887761e+00 1.991134637340125302e+00 6.695759718729116239e-01
-2.885788245343738900e+00 1.984379414544005460e+00 6.651213563810879359e-01
-2.899989016463650149e+00 1.977400760884763686e+00 6.604908941032011649e-01
-2.913967741135254474e+00 1.970197945894041291e+00 6.556953165808110384e-01
-2.927718088315152567e+00 1.962770606978928134e+00 6.507455806195941994e-01
-2.941234128564785610e+00 1.955118747044877425e+00 6.456528325094261778e-01
-2.954510346293389489e+00 1.947242730317143788e+00 6.404283718250292079e-01
-2.967541649648974822e+00 1.939143276417104156e+00 6.350836151468303159e-01
-2.980323378035030224e+00 1.930821452772262248e+00 6.296300600318346374e-01
-2.992851307263223681e+00 1.922278665458647229e+00 6.240792495497266001e-01
-3.005121652382559017e+00 1.913516648591252034e+00 6.184427376800980536e-01
-3.017131068252773662e+00 1.904537452391756425e+00 6.127320558434989906e-01
-3.028876647954099166e+00 1.895343430073376245e+00 6.069586808127482858e-01
-3.040355919146563668e+00 1.885937223690087094e+00 6.011340042222600433e-01
-3.051566838509573998e+00 1.876321749101973246e+00 5.952693038628336097e-01
-3.062507784407036748e+00 1.866500180210266313e+00 5.893757169179837385e-01
-3.073177547934590859e+00 1.856475932615122781e+00 5.834642152660823866e-01
-3.083575322514006345e+00 1.846252646846510137e+00 5.775455829409226194e-01
-3.093700692205685332e+00 1.835834171314221885e+00 5.716303958121694562e-01
-3.103553618913656109e+00 1.825224545117089647e+00 5.657290035170632336e-01
-3.113134428658874686e+00 1.814427980844354638e+00 5.598515136459857322e-01
-3.122443797095947549e+00 1.803448847494014018e+00 5.540077781575594162e-01
-3.131482734446021432e+00 1.792291653623937719e+00 5.482073819739021747e-01
-3.140252570014535838e+00 1.780961030841962778e+00 5.424596336840629140e-01
-3.148754936456720888e+00 1.769461717730828498e+00 5.367735582635551062e-01
-3.156991753946258417e+00 1.757798544293102783e+00 5.311578917000984168e-01
-3.164965214394731774e+00 1.745976416990669744e+00 5.256210774022682664e-01
-3.172677765858820553e+00 1.734000304441822626e+00 5.201712642554536803e-01
-3.180132097256287871e+00 1.721875223825119594e+00 5.148163061769421844e-01
-3.187331123511862430e+00 1.709606228034778352e+00 5.095637630284238773e-01
-3.194277971222037937e+00 1.697198393610882761e+00 5.044209027239953125e-01
-3.200975964928222339e+00 1.684656809464902594e+00 4.993947043861927670e-01
-3.207428614064637529e+00 1.671986566405963437e+00 4.944918623975529393e-01
-3.213639600633559912e+00 1.659192747464220519e+00 4.897187912018768907e-01
-3.219612767644763007e+00 1.646280418998095962e+00 4.850816307157614915e-01
-3.225352108340458823e+00 1.633254622563501179e+00 4.805862522192014819e-01
-3.230861756212654257e+00 1.620120367515685000e+00 4.762382646037198741e-01
-3.236145975806382857e+00 1.606882624308091145e+00 4.720430208670864936e-01
-3.241209154290586536e+00 1.593546318447638388e+00 4.680056247550272164e-01
-3.246055793768582554e+00 1.580116325062407512e+00 4.641309374619394523e-01
-3.250690504292369720e+00 1.566597464035565546e+00 4.604235843142900908e-01
-3.255117997539783925e+00 1.552994495658847285e+00 4.568879613716647636e-01
-3.259343081110806839e+00 1.539312116759609772e+00 4.535282418911635860e-01
-3.263370653398870225e+00 1.525554957257376998e+00 4.503483826105849630e-01
-3.267205698995223617e+00 1.511727577108963771e+00 4.473521298145000658e-01
-3.270853284588381094e+00 1.497834463604957200e+00 4.445430251546019784e-01
-3.274318555326469316e+00 1.483880028984792210e+00 4.419244112014546477e-01
-3.277606731617459079e+00 1.469868608342320027e+00 4.394994367089643528e-01
-3.280723106349757945e+00 1.455804457798380191e+00 4.372710615753959695e-01
-3.283673042523596486e+00 1.441691752921210989e+00 4.352420614857718806e-01
-3.286461971290669304e+00 1.427534587379225561e+00 4.334150322199574190e-01
-3.289095390405670560e+00 1.413336971813597298e+00 4.317923936091160320e-01
-3.291578863097471164e+00 1.399102832919966621e+00 4.303763931205589199e-01
-3.293918017369821261e+00 1.384836012729350641e+00 4.291691090478817472e-01
-3.296118545740915451e+00 1.370540268077956148e+00 4.281724532799149885e-01
-3.298186205427708462e+00 1.356219270254001907e+00 4.273881736189671932e-01
-3.300126818975067433e+00 1.341876604807313633e+00 4.268178556166031257e-01
-3.301946275319856738e+00 1.327515771503560149e+00 4.264629238935694344e-01
-3.303650531270891921e+00 1.313140184401933919e+00 4.263246429115267744e-01
-3.305245613369807156e+00 1.298753172029646352e+00 4.264041171652479534e-01
-3.306737620085350660e+00 1.284357977623212355e+00 4.267022907686732203e-01
-3.308132724277486059e+00 1.269957759402093433e+00 4.272199464137445557e-01
-3.309437175852744772e+00 1.255555590837001967e+00 4.279577036889216091e-01
-3.310657304518148436e+00 1.241154460872813559e+00 4.289160167538954016e-01
-3.311799522528621864e+00 1.226757274064737890e+00 4.300951713781157038e-01
-3.312870327312650964e+00 1.212366850586485301e+00 4.314952813628953332e-01
-3.313876303854017547e+00 1.197985926070680884e+00 4.331162843796388939e-01
-3.314824126703716178e+00 1.183617151244775512e+00 4.349579372695862589e-01
-3.315720561496354080e+00 1.169263091330040583e+00 4.370198108628736700e-01
-3.316572465849069840e+00 1.154926225176885479e+00 4.393012843861558436e-01
-3.317386789529070512e+00 1.140608944116544343e+00 4.418015395381715837e-01
-3.318170573785439892e+00 1.126313550516275575e+00 4.445195543206102995e-01
-3.318930949756916604e+00 1.112042256033926479e+00 4.474540967182147888e-01
-3.319675135881369865e+00 1.097797179575221493e+00 4.506037183255961476e-01
-3.320410434251748644e+00 1.083580344965594300e+00 4.539667480201170502e-01
-3.321144225881354384e+00 1.069393678355889943e+00 4.575412857795890798e-01
-3.321883964860236738e+00 1.055239005388208362e+00 4.613251967410523235e-01
-3.322637171402342382e+00 1.041118048154126008e+00 4.653161055927095835e-01
-3.323411423799989883e+00 1.027032421982451815e+00 4.695113913856210353e-01
-3.324214349317099693e+00 1.012983632097407716e+00 4.739081828453970968e-01
-3.325053614065314189e+00 9.989730701905672472e-01 4.785033542573149390e-01
-3.325936911917622307e+00 9.850020109512773736e-01 4.832935219914139546e-01
-3.326871952521842868e+00 9.710716086004458347e-01 4.882750417275574240e-01
-3.327866448482193817e+00 9.571828934720134630e-01 4.934440064344580712e-01
-3.328928101780497251e+00 9.433367686848618261e-01 4.987962451513714424e-01
-3.330064589510941531e+00 9.295340069460259480e-01 5.043273226167295231e-01
-3.331283549003134503e+00 9.157752475237472822e-01 5.100325397841959374e-01
-3.332592562408718262e+00 9.020609934264136598e-01 5.159069352634176875e-01
-3.333999140827450969e+00 8.883916088210653816e-01 5.219452877197852114e-01
-3.335510708049684414e+00 8.747673167228047220e-01 5.281421192644276674e-01
-3.337134583994458836e+00 8.611881969845266438e-01 5.344916998620489190e-01
-3.338877967925721890e+00 8.476541846145405623e-01 5.409880527795596361e-01
-3.340747921534278131e+00 8.341650684482688760e-01 5.476249610924635025e-01
-3.342751351979115881e+00 8.207204901987995571e-01 5.543959752580432943e-01
-3.344894994989586756e+00 8.073199439099901786e-01 5.612944217544314496e-01
-3.347185398137907164e+00 7.939627758344088848e-01 5.683134127723519224e-01
-3.349628904400127727e+00 7.806481847569649579e-01 5.754458569316578398e-01
-3.352231636131725701e+00 7.673752227831177608e-01 5.826844709779471776e-01
-3.354999479590725642e+00 7.541427966081371004e-01 5.900217923956900812e-01
-3.357938070146002651e+00 7.409496692806909479e-01 5.974501928540679740e-01
-3.361052778310186451e+00 7.277944624701477849e-01 6.049618923806086013e-01
-3.364348696734788646e+00 7.146756592422092158e-01 6.125489741366586527e-01
-3.367830628299163909e+00 7.015916073420328525e-01 6.202033996483706790e-01
-3.371503075414107098e+00 6.885405229777022962e-01 6.279170243286067432e-01
-3.375370230645477587e+00 6.755204950901574357e-01 6.356816131095479605e-01
-3.379435968742946272e+00 6.625294900886029570e-01 6.434888559940099562e-01
-3.383703840134110408e+00 6.495653570231112450e-01 6.513303833264334486e-01
-3.388177065915979558e+00 6.366258331592007380e-01 6.591977805828024284e-01
-3.392858534344269206e+00 6.237085499125758492e-01 6.670826024830217582e-01
-3.397750798787866344e+00 6.108110390965826308e-01 6.749763862397327729e-01
-3.402856077082170749e+00 5.979307394302830758e-01 6.828706637743916508e-01
-3.408176252182189447e+00 5.850650032518450727e-01 6.907569727541099658e-01
-3.413712873985881746e+00 5.722111033802252944e-01 6.986268663311602234e-01
-3.419467162171331065e+00 5.593662400681365110e-01 7.064719214998872454e-01
-3.425440009869605618e+00 5.465275479909709189e-01 7.142837460225051061e-01
-3.431631987979237408e+00 5.336921032197627923e-01 7.220539839142264826e-01
-3.438043349919094105e+00 5.208569301311763988e-01 7.297743195184107634e-01
-3.444674036614878254e+00 5.080190082139015573e-01 7.374364802419942633e-01
-3.451523681519670816e+00 4.951752787381218934e-01 7.450322380597016458e-01
-3.458591615482313752e+00 4.823226512630060525e-01 7.525534099299875379e-01
-3.465876871296188710e+00 4.694580099655942806e-01 7.599918572964321495e-01
-3.473378187786891669e+00 4.565782197832123912e-01 7.673394848728559703e-01
-3.481094013326622605e+00 4.436801323696629717e-01 7.745882389294452830e-01
-3.489022508696479008e+00 4.307605918731009509e-01 7.817301053088436813e-01
-3.497161549252709722e+00 4.178164405500320311e-01 7.887571074062592613e-01
-3.505508726388145924e+00 4.048445242352901041e-01 7.956613043454808798e-01
-3.514061348313961997e+00 3.918416976917682426e-01 8.024347895741906767e-01
-3.522816440218280221e+00 3.788048298661610969e-01 8.090696900873817210e-01
-3.531770743885650710e+00 3.657308090779900489e-01 8.155581664679820708e-01
-3.540920716884278008e+00 3.526165481686650560e-01 8.218924139099653692e-01
-3.550262531445291803e+00 3.394589896356031700e-01 8.280646643622876502e-01
-3.559792073170180426e+00 3.262551107734791289e-01 8.340671899031052439e-01
-3.569504939708468605e+00 3.130019288409278122e-01 8.398923074239265096e-01
-3.579396439548388376e+00 2.996965062665058466e-01 8.455323846737203830e-01
-3.589461591058928036e+00 2.863359559029020618e-01 8.509798476843032367e-01
-3.599695121913168983e+00 2.729174463333350342e-01 8.562271895713788883e-01
-3.610091469010921816e+00 2.594382072291941399e-01 8.612669806808951334e-01
-3.620644779004489777e+00 2.458955347532586211e-01 8.660918800282764174e-01
-3.631348909515643708e+00 2.322867969986215086e-01 8.706946479588534293e-01
-3.642197431115723028e+00 2.186094394496803095e-01 8.750681599413980827e-01
-3.653183630124650971e+00 2.048609904484755273e-01 8.792054213930942108e-01
-3.664300512269694110e+00 1.910390666470875298e-01 8.830995834233666963e-01
-3.675540807230857965e+00 1.771413784249144530e-01 8.867439593755017668e-01
-3.686896974088019974e+00 1.631657352482561441e-01 8.901320420387754950e-01
-3.698361207674473849e+00 1.491100509488026138e-01 8.932575213994817798e-01
-3.709925445833468949e+00 1.349723488971284469e-01 8.961143027967728436e-01
-3.721581377567667381e+00 1.207507670472248718e-01 8.986965253481952187e-01
-3.733320452066469564e+00 1.064435628282175000e-01 9.009985805101623502e-01
-3.745133888592458327e+00 9.204911785983299621e-02 9.030151306401248412e-01
-3.757012687205318446e+00 7.756594246863042497e-02 9.047411274297099126e-01
-3.768947640299510571e+00 6.299267998261751100e-02 9.061718300814619598e-01
-3.780929344930101355e+00 4.832811078259082599e-02 9.073028231058339887e-01
-3.792948215899321962e+00 3.357115608921143468e-02 9.081300336196075351e-01
-3.804994499574442912e+00 1.872088146566101147e-02 9.086497480317224928e-01
-3.817058288405268396e+00 3.776500016525145744e-03 9.088586280074502088e-01
-3.829129536106611997e+00 -1.126262473546479209e-02 9.087537256067007574e-01
-3.841198073467773089e+00 -2.639697631223639554e-02 9.083324974968903787e-01
-3.853253624746987960e+00 -4.162688309894236466e-02 9.075928181451110577e-01
-3.865285824604178355e+00 -5.695251653326116603e-02 9.065329918981551716e-01
-3.877284235520185085e+00 -7.237388967888654101e-02 9.051517638624588802e-01
-3.889238365644821727e+00 -8.789085619507142066e-02 9.034483294990313107e-01
-3.901137687010074462e+00 -1.035031097121859034e-01 9.014223428513861158e-01
-3.912971654038271740e+00 -1.192101836212154375e-01 8.990739233273759012e-01
-3.924729722268312404e+00 -1.350114512827445268e-01 8.964036609590982918e-01
-3.936401367216509239e+00 -1.509061266584863503e-01 8.934126200690248876e-01
-3.947976103281976012e+00 -1.668932653655859077e-01 8.901023412755521003e-01
-3.959443502600383802e+00 -1.829717661509784876e-01 8.864748417777069678e-01
-3.970793213744363559e+00 -1.991403727798363721e-01 8.825326138671756304e-01
-3.982014980164113815e+00 -2.153976763288426577e-01 8.782786216263455126e-01
-3.993098658258220635e+00 -2.317421178715811103e-01 8.737162957839869071e-01
-4.004034234962580818e+00 -2.481719915397882226e-01 8.688495267156179924e-01
-4.014811844744873959e+00 -2.646854479408050076e-01 8.636826555933959648e-01
-4.025421785893447790e+00 -2.812804979081501289e-01 8.582204637104796641e-01
-4.035854535993625092e+00 -2.979550165590608146e-01 8.524681600267606241e-01
-4.046100766489919565e+00 -3.147067476298879285e-01 8.464313670062983963e-01
-4.056151356242306605e+00 -3.315333080579296321e-01 8.401161048409818699e-01
-4.065997403995078585e+00 -3.484321927762562554e-01 8.335287741792611893e-01
-4.075630239691663270e+00 -3.654007796868991020e-01 8.266761375023479186e-01
-4.085041434584407938e+00 -3.824363347770709520e-01 8.195652993124074026e-01
-4.094222810107689625e+00 -3.995360173434076567e-01 8.122036853168236314e-01
-4.103166445502826498e+00 -4.166968852901861142e-01 8.045990208092048679e-01
-4.111864684205536413e+00 -4.339159004694667088e-01 7.967593084602697662e-01
-4.120310139029757401e+00 -4.511899340338558217e-01 7.886928057399040792e-01
-4.128495696204859122e+00 -4.685157717762983287e-01 7.804080021946867562e-01
-4.136414518346454017e+00 -4.858901194357236331e-01 7.719135968029698924e-01
-4.144060046462585412e+00 -5.033096079525163358e-01 7.632184756221565003e-01
-4.151426001117819453e+00 -5.207707986634884101e-01 7.543316899296959033e-01
-4.158506382894492148e+00 -5.382701884320906238e-01 7.452624350416362509e-01
-4.165295472305165170e+00 -5.558042147158990254e-01 7.360200299700405679e-01
-4.171787829320192209e+00 -5.733692605796857356e-01 7.266138980542912185e-01
-4.177978292680204930e+00 -5.909616596683403555e-01 7.170535486719872287e-01
-4.183861979163969735e+00 -6.085777011594664110e-01 7.073485601036554327e-01
-4.189434282977443580e+00 -6.262136347202280628e-01 6.975085635929850758e-01
-4.194690875420135967e+00 -6.438656754968180573e-01 6.875432286118761116e-01
-4.199627704969296715e+00 -6.615300091675565541e-01 6.774622493082819163e-01
-4.204240997902873644e+00 -6.792027970920023749e-01 6.672753320856180670e-01
-4.208527259556290367e+00 -6.968801815881821016e-01 6.569921842370712861e-01
-4.212483276280809541e+00 -7.145582913685074589e-01 6.466225035360890772e-01
-4.216106118138611691e+00 -7.322332471616592731e-01 6.361759686678415404e-01
-4.219393142337146685e+00 -7.499011675431325186e-01 6.256622303748321512e-01
-4.222341997370736344e+00 -7.675581749911278839e-01 6.150909031842177743e-01
-4.224950627804311409e+00 -7.852004021773750786e-01 6.044715575841890232e-01
-4.227217279602501598e+00 -8.028239984945489960e-01 5.938137125221806256e-01
-4.229140505879189327e+00 -8.204251368134395372e-01 5.831268281079533544e-01
-4.230719172918527171e+00 -8.380000204543801567e-01 5.724202984190633892e-01
-4.231952466300112015e+00 -8.555448903489212276e-01 5.617034443241133435e-01
-4.232839896948636493e+00 -8.730560323598828276e-01 5.509855062590799379e-01
-4.233381306922820997e+00 -8.905297847208980544e-01 5.402756369131059833e-01
-4.233576874759727104e+00 -9.079625455508446574e-01 5.295828938009398135e-01
-4.233427120198783200e+00 -9.253507803942664367e-01 5.189162317187286932e-01
-4.232932908124124260e+00 -9.426910297362923741e-01 5.082844950970214493e-01
-4.232095451583996137e+00 -9.599799164397464502e-01 4.976964102786726740e-01
-4.230916313770192616e+00 -9.772141530528954956e-01 4.871605777594902320e-01
-4.229397408867709096e+00 -9.943905489387377949e-01 4.766854644352818693e-01
-4.227541001714184787e+00 -1.011506017180545891e+00 4.662793959007370814e-01
-4.225349706237403247e+00 -1.028557581223205508e+00 4.559505488432919473e-01
-4.222826482667042747e+00 -1.045542381215439409e+00 4.457069435696225379e-01
-4.219974633541737852e+00 -1.062457680023962681e+00 4.355564366942048515e-01
-4.216797798553792553e+00 -1.079300868896430732e+00 4.255067140096233658e-01
-4.213299948290163854e+00 -1.096069472755481167e+00 4.155652835479533014e-01
-4.209485376940136803e+00 -1.112761155110900013e+00 4.057394688326551591e-01
-4.205358694046288370e+00 -1.129373722580754968e+00 3.960364023119437582e-01
-4.200924815376796850e+00 -1.145905129014992418e+00 3.864630189584565279e-01
-4.196188952994746479e+00 -1.162353479216739149e+00 3.770260500166429107e-01
-4.191156604593802903e+00 -1.178717032257007524e+00 3.677320168792570509e-01
-4.185833542161620180e+00 -1.194994204378389435e+00 3.585872250773997627e-01
-4.180225800022967064e+00 -1.211183571482381094e+00 3.495977583747953421e-01
-4.174339662305421861e+00 -1.227283871193870723e+00 3.407694729657772537e-01
-4.168181649862282789e+00 -1.243294004495037797e+00 3.321079917871683773e-01
-4.161758506681437986e+00 -1.259213036920125983e+00 3.236186989661519187e-01
-4.155077185805422957e+00 -1.275040199302184485e+00 3.153067344382545767e-01
-4.148144834787520274e+00 -1.290774888063414005e+00 3.071769887811194311e-01
-4.140968780711529185e+00 -1.306416665042201553e+00 2.992340983196921100e-01
-4.133556514808175208e+00 -1.321965256852380977e+00 2.914824405662515550e-01
-4.125915676709595026e+00 -1.337420553773913667e+00 2.839261300637825336e-01
-4.118054038392665817e+00 -1.352782608178391133e+00 2.765690147031414359e-01
-4.109979487873256510e+00 -1.368051632498122450e+00 2.694146725830616762e-01
-4.101700012724458055e+00 -1.383227996753164435e+00 2.624664094774358247e-01
-4.093223683502182020e+00 -1.398312225656589636e+00 2.557272569665649531e-01
-4.084558637170740525e+00 -1.413304995324119684e+00 2.491999712786273080e-01
-4.075713060627847106e+00 -1.428207129619835758e+00 2.428870328749007934e-01
-4.066695174432650717e+00 -1.443019596174438535e+00 2.367906467979253582e-01
-4.057513216841786452e+00 -1.457743502116665590e+00 2.309127437863113252e-01
-4.048175428256109321e+00 -1.472380089561178940e+00 2.252549821441057198e-01
-4.038690036175915488e+00 -1.486930730898161857e+00 2.198187503369506690e-01
-4.029065240753567423e+00 -1.501396923929968041e+00 2.146051702724951216e-01
-4.019309201021894928e+00 -1.515780286899474749e+00 2.096151012090322341e-01
-4.009430021863026106e+00 -1.530082553452377647e+00 2.048491442247724059e-01
-3.999435741767273900e+00 -1.544305567572370697e+00 2.003076471707219142e-01
-3.989334321415601625e+00 -1.558451278523741212e+00 1.959907100233551636e-01
-3.979133633102392320e+00 -1.572521735830725520e+00 1.918981905491077555e-01
-3.968841450998901177e+00 -1.586519084317153272e+00 1.880297101915623936e-01
-3.958465442242004695e+00 -1.600445559223837577e+00 1.843846600937810998e-01
-3.948013158818811874e+00 -1.614303481415025887e+00 1.809622071727829129e-01
-3.937492030205015592e+00 -1.628095252679180094e+00 1.777613001702051942e-01
-3.926909356705055476e+00 -1.641823351123866459e+00 1.747806756127253391e-01
-3.916272303434268132e+00 -1.655490326659537770e+00 1.720188636272887150e-01
-3.905587894878505217e+00 -1.669098796562995535e+00 1.694741935693086787e-01
-3.894863009964383505e+00 -1.682651441108036883e+00 1.671447994362036393e-01
-3.884104377573914579e+00 -1.696150999248800639e+00 1.650286250534193921e-01
-3.873318572440367813e+00 -1.709600264340314979e+00 1.631234290348199667e-01
-3.862512011367210452e+00 -1.723002079880780357e+00 1.614267895334832448e-01
-3.851690949719678070e+00 -1.736359335261443260e+00 1.599361088118952667e-01
-3.840861478146738950e+00 -1.749674961511904714e+00 1.586486176717426810e-01
-3.830029519501673807e+00 -1.762951927031924049e+00 1.575613797925170534e-01
-3.819200825939363941e+00 -1.776193233304267372e+00 1.566712960344832373e-01
-3.808380976179788657e+00 -1.789401910587635314e+00 1.559751087649450529e-01
-3.797575372937097793e+00 -1.802581013593094417e+00 1.554694062670680110e-01
-3.786789240523681599e+00 -1.815733617152192725e+00 1.551506272874875747e-01
-3.776027622647231574e+00 -1.828862811889556017e+00 1.550150657728912584e-01
-3.765295380425917049e+00 -1.841971699916900906e+00 1.550588758367856812e-01
-3.754597190652400940e+00 -1.855063390569280379e+00 1.552780769860178656e-01
-3.743937544340804280e+00 -1.868140996207263704e+00 1.556685596230490132e-01
-3.733320745592160428e+00 -1.881207628110971530e+00 1.562260908247433133e-01
-3.722750910813411807e+00 -1.894266392493066498e+00 1.569463203824795205e-01
-3.712231968321729969e+00 -1.907320386657695765e+00 1.578247870722863377e-01
-3.701767658361510449e+00 -1.920372695331518109e+00 1.588569251082546652e-01
-3.691361533554360363e+00 -1.933426387190463336e+00 1.600380707184070606e-01
-3.681016959794405796e+00 -1.946484511602751821e+00 1.613634687703084658e-01
-3.670737117591497345e+00 -1.959550095604158049e+00 1.628282793643877902e-01
-3.660525003854958825e+00 -1.972626141116545551e+00 1.644275843069145648e-01
-3.650383434099496061e+00 -1.985715622414595982e+00 1.661563933721221797e-01
-3.640315045044560716e+00 -1.998821483839553048e+00 1.680096502641135192e-01
-3.630322297568416623e+00 -2.011946637752267453e+00 1.699822381942364125e-01
-3.620407479968771103e+00 -2.025093962711290718e+00 1.720689849980353292e-01
-3.610572711474657304e+00 -2.038266301855876428e+00 1.742646677276104561e-01
-3.600819945947720591e+00 -2.051466461468027802e+00 1.765640166695020552e-01
-3.591150975707364967e+00 -2.064697209683133305e+00 1.789617187545260169e-01
-3.581567435411821432e+00 -2.077961275314830658e+00 1.814524203436136962e-01
-3.572070805927509252e+00 -2.091261346757067763e+00 1.840307293916635112e-01
-3.562662418121024910e+00 -2.104600070924808719e+00 1.866912170092328294e-01
-3.553343456511857568e+00 -2.117980052194218032e+00 1.894284184584189845e-01
-3.544114962729623564e+00 -2.131403851304010999e+00 1.922368336343275030e-01
-3.534977838726311106e+00 -2.144873984181147719e+00 1.951109270960498243e-01
-3.525932849701699734e+00 -2.158392920656599934e+00 1.980451277211156824e-01
-3.516980626708765989e+00 -2.171963083040223008e+00 2.010338280644541620e-01
-3.508121668913900759e+00 -2.185586844527206640e+00 2.040713835069677962e-01
-3.499356345496135834e+00 -2.199266527413058725e+00 2.071521112800793207e-01
-3.490684897177028567e+00 -2.213004401097936391e+00 2.102702894511785936e-01
-3.482107437381153581e+00 -2.226802679865794499e+00 2.134201559510837676e-01
-3.473623953033933454e+00 -2.240663520427863542e+00 2.165959077190998394e-01
-3.465234305010126636e+00 -2.254589019224319646e+00 2.197917000340472715e-01
-3.456938228251720702e+00 -2.268581209481812522e+00 2.230016460917468302e-01
-3.448735331579120267e+00 -2.282642058028526932e+00 2.262198168809348431e-01
-3.440625097223663609e+00 -2.296773461871897570e+00 2.294402414010962288e-01
-3.432606880113261205e+00 -2.310977244547723686e+00 2.326569072576094299e-01
-3.424679906946095809e+00 -2.325255152252637458e+00 2.358637616620546940e-01
-3.416843275090125864e+00 -2.339608849775235644e+00 2.390547128589264325e-01
-3.409095951348424247e+00 -2.354039916244166530e+00 2.422236319942450422e-01
-3.401436770632298767e+00 -2.368549840714508470e+00 2.453643554368740987e-01
-3.393864434585931011e+00 -2.383140017616763640e+00 2.484706875595175113e-01
-3.386377510207052577e+00 -2.397811742095257159e+00 2.515364039833773990e-01
-3.378974428509434969e+00 -2.412566205265558761e+00 2.545552552880391284e-01
-3.371653483272685659e+00 -2.427404489422475553e+00 2.575209711861361495e-01
-3.364412829925046644e+00 -2.442327563232375987e+00 2.604272651604523925e-01
-3.357250484603655050e+00 -2.457336276944944942e+00 2.632678395591526721e-01
-3.350164323435619984e+00 -2.472431357660753726e+00 2.660363911423799799e-01
-3.343152082080948606e+00 -2.487613404691547458e+00 2.687266170705687740e-01
-3.336211355575874560e+00 -2.502882885050414785e+00 2.713322213209302669e-01
-3.329339598511841469e+00 -2.518240129108530123e+00 2.738469215139875956e-01
-3.322534125581541709e+00 -2.533685326454222508e+00 2.762644561261147214e-01
-3.315792112519142076e+00 -2.549218521988651620e+00 2.785785920574544994e-01
-3.309110597456862202e+00 -2.564839612290207072e+00 2.807831325167126080e-01
-3.302486482714905858e+00 -2.580548342277126483e+00 2.828719251759060360e-01
-3.295916537035696869e+00 -2.596344302194366627e+00 2.848388705390482167e-01
-3.289397398267320582e+00 -2.612226924946894346e+00 2.866779304594821998e-01
-3.282925576494229336e+00 -2.628195483796838428e+00 2.883831367316562755e-01
-3.276497457605995756e+00 -2.644249090436374239e+00 2.899485996747540595e-01
-3.270109307287392131e+00 -2.660386693442191586e+00 2.913685166187853226e-01
-3.263757275404714608e+00 -2.676607077110119359e+00 2.926371801986753507e-01
-3.257437400755057944e+00 -2.692908860660927051e+00 2.937489863594780481e-01
-3.251145616136116523e+00 -2.709290497799365927e+00 2.946984419765772967e-01
-3.244877753685661226e+00 -2.725750276599727240e+00 2.954801719991131392e-01
-3.238629550430702775e+00 -2.742286319681108253e+00 2.960889260334540474e-01
-3.232396653978570900e+00 -2.758896584626143955e+00 2.965195842963456174e-01
-3.226174628274525169e+00 -2.775578864586980110e+00 2.967671628847689536e-01
-3.219958959344780602e+00 -2.792330789013521386e+00 2.968268183311046915e-01
-3.213745060939684706e+00 -2.809149824430958287e+00 2.966938514376448732e-01
-3.207528279990260245e+00 -2.826033275187691984e+00 2.963637104126881638e-01
-3.201303901792527995e+00 -2.842978284090810437e+00 2.958319933618420161e-01
-3.195067154838698187e+00 -2.859981832845577721e+00 2.950944502181566120e-01
-3.188813215222713549e+00 -2.877040742218070157e+00 2.941469842264497481e-01
-3.182537210559615470e+00 -2.894151671846385110e+00 2.929856531246679552e-01
-3.176234223374346133e+00 -2.911311119636708966e+00 2.916066701892271462e-01
-3.169899293934808515e+00 -2.928515420694958404e+00 2.900064053293547328e-01
-3.163527422526493993e+00 -2.945760745763572164e+00 2.881813864260690528e-01
-3.157113571190543588e+00 -2.963043099154944571e+00 2.861283011133891607e-01
-3.150652664972806161e+00 -2.980358316197893931e+00 2.838439991918260130e-01
-3.144139592757011492e+00 -2.997702060239809008e+00 2.813254958467725220e-01
-3.137569207779737468e+00 -3.015069819274395435e+00 2.785699758174030038e-01
-3.130936327946378661e+00 -3.032456902290868506e+00 2.755747986259708959e-01
-3.124235736085068105e+00 -3.049858435464545714e+00 2.723375049344189391e-01
-3.117462180288477658e+00 -3.067269358329472340e+00 2.688558240470556027e-01
-3.110610374500031750e+00 -3.084684420089399026e+00 2.651276825271181581e-01
-3.103674999501974341e+00 -3.102098176234069360e+00 2.611512138441242081e-01
-3.096650704456609393e+00 -3.119504985631879723e+00 2.569247689206757279e-01
