3.985170155721055707e+00 0.000000000000000000e+00 0.000000000000000000e+00
3.985216921446932847e+00 -5.376262682524364511e-02 -4.498298716477487115e-03
3.985351043785560599e+00 -1.075484455791356347e-01 -8.894647436322044784e-03
3.985554062242148810e+00 -1.613798502667830870e-01 -1.308832099111996959e-02
3.985795424776043205e+00 -2.152776492417116661e-01 -1.698105412610036863e-02
3.986032817224103297e+00 -2.692602983475064216e-01 -2.047829011396808813e-02
3.986212634357755302e+00 -3.233431663456722838e-01 -2.349043611925377001e-02
3.986270598139723731e+00 -3.775378447972784768e-01 -2.593411062132995604e-02
3.986132527541334181e+00 -4.318515152310670735e-01 -2.773336543430067816e-02
3.985715263940202036e+00 -4.862863871127043880e-01 -2.882086620451081854e-02
3.984927756552159028e+00 -5.408392209381444049e-01 -2.913901673830521233e-02
3.983672311803689414e+00 -5.955009515571959566e-01 -2.864101041299476486e-02
3.981846006816410544e+00 -6.502564271022145403e-01 -2.729178579490109877e-02
3.979342259488811262e+00 -7.050842780785998576e-01 -2.506885663750163529e-02
3.976052537711268098e+00 -7.599569290358718643e-01 -2.196298306866366346e-02
3.971868181303165990e+00 -8.148407621134019507e-01 -1.797865317496125451e-02
3.966682304873341725e+00 -8.696964383113428010e-01 -1.313435063584779405e-02
3.960391747867931134e+00 -9.244793790149069546e-01 -7.462590418918065016e-03
3.952899036834229385e+00 -9.791404068768178037e-01 -1.009707706665518515e-03
3.944114321166342751e+00 -1.033626540868534338e+00 6.164614335692847336e-03
3.933957236297859872e+00 -1.087881934476662593e+00 1.398809094400855178e-02
3.922358639777316913e+00 -1.141848938764586707e+00 2.237686304610430471e-02
3.909262160126474761e+00 -1.195469264389128705e+00 3.123680018996872684e-02
3.894625499136722180e+00 -1.248685210079561569e+00 4.046505880456540555e-02
3.878421435620292179e+00 -1.301440920523052158e+00 4.995186189347416983e-02
3.860638490186324212e+00 -1.353683634160215643e+00 5.958245705526915570e-02
3.841281223433577807e+00 -1.405364880638234393e+00 6.923920458861096416e-02
3.820370152875347536e+00 -1.456441588372487717e+00 7.880374374873928833e-02
3.797941287933002119e+00 -1.506877065285445294e+00 8.815918086366486550e-02
3.774045298824164618e+00 -1.556641821118317282e+00 9.719223871497872924e-02
3.748746353461024139e+00 -1.605714207930692305e+00 1.057953057172863198e-01
3.722120673013598946e+00 -1.654080865342974382e+00 1.138683293413909753e-01
3.694254866900279932e+00 -1.701736966447628063e+00 1.213205111274014009e-01
3.665244109025934005e+00 -1.748686266974857073e+00 1.280717766127856261e-01
3.635190210722833548e+00 -1.794940963670964562e+00 1.340540066865650859e-01
3.604199637212619045e+00 -1.840521369368967930e+00 1.392120233108832261e-01
3.572381508862889632e+00 -1.885455414330972523e+00 1.435043228779907809e-01
3.539845628064617777e+00 -1.929777987707320008e+00 1.469035494052630675e-01
3.506700574685185146e+00 -1.973530138850263960e+00 1.493967025676944671e-01
3.473051912834414612e+00 -2.016758163380693691e+00 1.509850841541066913e-01
3.439000545618069005e+00 -2.059512600888282918e+00 1.516839982138396548e-01
3.404641243211820711e+00 -2.101847169272973659e+00 1.515222298257845879e-01
3.370061357138378622e+00 -2.143817656650252257e+00 1.505413314364080768e-01
3.335339724798910499e+00 -2.185480788227225357e+00 1.487947443953550053e-01
3.300545765123102271e+00 -2.226893084542202139e+00 1.463467802046604094e-01
3.265738766878689248e+00 -2.268109728720122398e+00 1.432714847617194698e-01
3.230967371734782656e+00 -2.309183461827766237e+00 1.396514104880004770e-01
3.196269251359452390e+00 -2.350163524634434342e+00 1.355763235308011516e-01
3.161670971293855992e+00 -2.391094660150865359e+00 1.311418729344899226e-01
3.127188026650984387e+00 -2.432016185402742003e+00 1.264482441197436469e-01
3.092825029475180454e+00 -2.472961135541757116e+00 1.215988113837306872e-01
3.058576027216841187e+00 -2.513955480936585829e+00 1.166987966198837767e-01
3.024424935929762803e+00 -2.555017419045060745e+00 1.118539369720461668e-01
2.990346077930653657e+00 -2.596156746452308983e+00 1.071691634360879136e-01
2.956304818685322022e+00 -2.637374320258703886e+00 1.027472937977026018e-01
2.922258299856795194e+00 -2.678661620279775946e+00 9.868774404527115574e-02
2.888156265143168255e+00 -2.720000424047800625e+00 9.508526098334424415e-02
2.853941974496840839e+00 -2.761362606511942097e+00 9.202867614330406676e-02
2.819553202046146900e+00 -2.802710076928873306e+00 8.959968013439868761e-02
2.784923313558854918e+00 -2.843994866946074396e+00 8.787162000345580259e-02
2.749982419258948596e+00 -2.885159385144985489e+00 8.690833026293146024e-02
2.714658595823898235e+00 -2.926136852707153846e+00 8.676301825672039225e-02
2.678879167296656316e+00 -2.966851931688231581e+00 8.747723228355845648e-02
2.642572029791720567e+00 -3.007221552494586891e+00 8.907994356561023397e-02
2.605667001026169771e+00 -3.047155942260018957e+00 9.158677117644743737e-02
2.568097173572049030e+00 -3.086559851906705454e+00 9.499937564666077749e-02
2.529800249352837316e+00 -3.125333975963104027e+00 9.930504553491378839e-02
2.490719830536856083e+00 -3.163376553602035290e+00 1.044765026036372779e-01
2.450806637705227775e+00 -3.200585130188948746e+00 1.104719529016402468e-01
2.410019621017885250e+00 -3.236858446357425034e+00 1.172354091685594429e-01
2.368326926622791984e+00 -3.272098409073550762e+00 1.246973023090833382e-01
2.325706681181993751e+00 -3.306212089916185093e+00 1.327753874450905425e-01
2.282147562760371340e+00 -3.339113691989543220e+00 1.413759370735538090e-01
2.237649134856526612e+00 -3.370726427802724245e+00 1.503952037763772731e-01
2.192221929400824276e+00 -3.400984253338777741e+00 1.597211285055588625e-01
2.145887272274379587e+00 -3.429833405895263532e+00 1.692352651446376310e-01
2.098676851493667783e+00 -3.457233695043398392e+00 1.788148842478088085e-01
2.050632035399481801e+00 -3.483159499832996442e+00 1.883352073883382272e-01
2.001802957525014026e+00 -3.507600434366834996e+00 1.976717113949551796e-01
1.952247395951608233e+00 -3.530561658969515015e+00 2.067024345544620778e-01
1.902029485464501679e+00 -3.552063832582387448e+00 2.153102188830764985e-01
1.851218307694215026e+00 -3.572142718676596385e+00 2.233848332577760831e-01
1.799886406146603335e+00 -3.590848467871095462e+00 2.308249361016743162e-01
1.748108270511383955e+00 -3.608244605191806009e+00 2.375398467201915442e-01
1.695958830446079535e+00 -3.624406751659065229e+00 2.434510979419240717e-01
1.643511995446586438e+00 -3.639421112640643496e+00 2.484937415809492234e-01
1.590839274998477881e+00 -3.653382770899787246e+00 2.526173781304719701e-01
1.538008510811458063e+00 -3.666393828877311911e+00 2.557868879117180527e-01
1.485082749025748328e+00 -3.678561449078708634e+00 2.579828531631086497e-01
1.432119274313038870e+00 -3.689995841195237158e+00 2.592016752960597525e-01
1.379168820680131580e+00 -3.700808240344653832e+00 2.594554034015666422e-01
1.326274967077769373e+00 -3.711108915353364068e+00 2.587712960743139834e-01
1.273473720636425943e+00 -3.721005241950242848e+00 2.571911397462277038e-01
1.220793286367234165e+00 -3.730599873568884117e+00 2.547703466122487881e-01
1.168254018589363508e+00 -3.739989040364473549e+00 2.515768570940778992e-01
1.115868545439309356e+00 -3.749261002724321834e+00 2.476898761597343956e-01
1.063642053660865949e+00 -3.758494678208623707e+00 2.431984775523196862e-01
1.011572717283111711e+00 -3.767758452045976370e+00 2.382001121584939318e-01
9.596522516544641057e-01 -3.777109173862529978e+00 2.327990548887432787e-01
9.078665738786936279e-01 -3.786591339348176266e+00 2.271048194474874493e-01
8.561965514398210964e-01 -3.796236454920909331e+00 2.212305646216736199e-01
8.046188217554762767e-01 -3.806062583912045216e+00 2.152915111461347342e-01
7.531066659079965753e-01 -3.816074071801127676e+00 2.094033848704187073e-01
7.016309199425183607e-01 -3.826261444820520996e+00 2.036808982540117552e-01
6.501609075230093682e-01 -3.836601472715975625e+00 1.982362766472970661e-01
5.986653789532091485e-01 -3.847057385872817203e+00 1.931778288553522016e-01
5.471134434837833238e-01 -3.857579241468518827e+00 1.886085559766267628e-01
4.954754836072616797e-01 -3.868104441626282863e+00 1.846247919498821555e-01
4.437240407026203926e-01 -3.878558414569301060e+00 1.813148750761020833e-01
3.918346605332982402e-01 -3.888855472962442938e+00 1.787578598400434982e-01
3.397866852388117254e-01 -3.898899860163128839e+00 1.770222878500004593e-01
2.875639766552185450e-01 -3.908586987197332441e+00 1.761650413093307499e-01
2.351555549181373050e-01 -3.917804855518427054e+00 1.762303012150354953e-01
1.825561364732660175e-01 -3.926435656516227279e+00 1.772486285508600434e-01
1.297665563342073891e-01 -3.934357538152537970e+00 1.792361849021538167e-01
7.679406014229395172e-02 -3.941446528365483370e+00 1.821941120825298077e-01
2.365245229578656974e-02 -3.947578599802777255e+00 1.861080973508237590e-01
-2.963791227318004345e-02 -3.952631849624570037e+00 1.909481570969412401e-01
-8.305030246498265600e-02 -3.956488754278977726e+00 1.966686727779354271e-01
-1.365519571205304206e-01 -3.959038447358618651e+00 2.032087067280050341e-01
-1.901046031584607277e-01 -3.960178962812588299e+00 2.104926146592163982e-01
-2.436651403872883981e-01 -3.959819386071691483e+00 2.184309608174732631e-01
-2.971864822045457433e-01 -3.957881858620681648e+00 2.269217342493481115e-01
-3.506185361325672156e-01 -3.954303383022504725e+00 2.358518601818210270e-01
-4.039093026535846565e-01 -3.949037373758896852e+00 2.450989954729887177e-01
-4.570060649229080729e-01 -3.942054896914852335e+00 2.545335874319604175e-01
-5.098566361586359674e-01 -3.933345543556029167e+00 2.640211601418598897e-01
-5.624106269050627160e-01 -3.922917891407797342e+00 2.734247753144080639e-01
-6.146206919797574386e-01 -3.910799526962041472e+00 2.826076015275766351e-01
-6.664437170857329118e-01 -3.897036621209513996e+00 2.914355205029695584e-01
-7.178419073142962015e-01 -3.881693071425628805e+00 2.997797013075234607e-01
-7.687837432571635876e-01 -3.864849235768659241e+00 3.075190787038913354e-01
-8.192447747132883817e-01 -3.846600297638208765e+00 3.145426760133948063e-01
-8.692082271597008081e-01 -3.827054305771976583e+00 3.207517148919375449e-01
-9.186654026421763319e-01 -3.806329946013838672e+00 3.260614571532597372e-01
-9.676158645068758668e-01 -3.784554110750113498e+00 3.304027309110067478e-01
-1.016067403693773574e+00 -3.761859339127003654e+00 3.337231061336384808e-01
-1.064035792009812686e+00 -3.738381202570902229e+00 3.359877009349793719e-01
-1.111544334051947969e+00 -3.714255705564751153e+00 3.371796154337633467e-01
-1.158623234162857063e+00 -3.689616763425181301e+00 3.373000017495625391e-01
-1.205308798484525656e+00 -3.664593810098468740e+00 3.363677864200655399e-01
-1.251642495360538954e+00 -3.639309581522599313e+00 3.344190672756594540e-01
-1.297669900077694338e+00 -3.613878113521529212e+00 3.315062128598499358e-01
-1.343439551769330498e+00 -3.588402985925245758e+00 3.276966994324865268e-01
-1.389001750694863757e+00 -3.562975835569730076e+00 3.230717269466936714e-01
-1.434407322996942069e+00 -3.537675150581717443e+00 3.177246587778693176e-01
-1.479706378004301826e+00 -3.512565348819148170e+00 3.117593290151967622e-01
-1.524947081071759358e+00 -3.487696136386471135e+00 3.052882565803621273e-01
-1.570174463339028215e+00 -3.463102138109765527e+00 2.984307998550153052e-01
-1.615429288358415594e+00 -3.438802789211030220e+00 2.913112813908972365e-01
-1.660746993421089668e+00 -3.414802473968795216e+00 2.840571102559851790e-01
-1.706156719961377410e+00 -3.391090891930359064e+00 2.767969279145893746e-01
-1.751680443013474031e+00 -3.367643626612501606e+00 2.696587996913797913e-01
-1.797332205807831595e+00 -3.344422888570061758e+00 2.627684667812500985e-01
-1.843117463957937074e+00 -3.321378406665275396e+00 2.562476652114722975e-01
-1.889032545052372392e+00 -3.298448448180864023e+00 2.502125118329522890e-01
-1.935064232884133650e+00 -3.275560956994782114e+00 2.447719563537355258e-01
-1.981189488823758449e+00 -3.252634805128023388e+00 2.400263026839066227e-01
-2.027375323940506124e+00 -3.229581153919217851e+00 2.360658092547075204e-01
-2.073578833890358020e+00 -3.206304917462698523e+00 2.329693822437897133e-01
-2.119747405613841451e+00 -3.182706315993230284e+00 2.308033754676624139e-01
-2.165819102546791441e+00 -3.158682504008325509e+00 2.296205073763993576e-01
-2.211723234497512180e+00 -3.134129258239004123e+00 2.294589030250744621e-01
-2.257381118951587773e+00 -3.108942712403139019e+00 2.303412707716068208e-01
-2.302707040344501799e+00 -3.083021125920519800e+00 2.322742304509146649e-01
-2.347609410876378977e+00 -3.056266670335600732e+00 2.352478189568605882e-01
-2.391992130219004142e+00 -3.028587210433253851e+00 2.392352058129780246e-01
-2.435756133160487114e+00 -2.999898049387758725e+00 2.441926520164428016e-01
-2.478801105803676741e+00 -2.970123601525294532e+00 2.500597402293324722e-01
-2.521027343724765224e+00 -2.939198953701921191e+00 2.567598964825079655e-01
-2.562337719415149984e+00 -2.907071276163982532e+00 2.642012168717388088e-01
-2.602639720178397731e+00 -2.873701044259532100e+00 2.722776089624645013e-01
-2.641847510356595929e+00 -2.839063032299200984e+00 2.808702550009108401e-01
-2.679883963515055090e+00 -2.803147040702567594e+00 2.898493986721102367e-01
-2.716682602705568605e+00 -2.765958319205566784e+00 2.990764460802007307e-01
-2.752189382401460715e+00 -2.727517654272799241e+00 3.084063551670154224e-01
-2.786364245602076295e+00 -2.687861098513693037e+00 3.176902693880791495e-01
-2.819182393882127879e+00 -2.647039332699571812e+00 3.267783352422436449e-01
-2.850635215752636231e+00 -2.605116665026675271e+00 3.355226312929763255e-01
-2.880730828775303731e+00 -2.562169686282501857e+00 3.437801281010486876e-01
-2.909494203609886309e+00 -2.518285613414675161e+00 3.514155926587554934e-01
-2.936966854274379646e+00 -2.473560367953679506e+00 3.583043475793048493e-01
-2.963206098201422556e+00 -2.428096449226734510e+00 3.643347965674925693e-01
-2.988283910183560099e+00 -2.382000673353009912e+00 3.694106360413242918e-01
-3.012285412636434678e+00 -2.335381855096720027e+00 3.734526886512635202e-01
-3.035307057731689628e+00 -2.288348509258084640e+00 3.764003153396786594e-01
-3.057454563839012263e+00 -2.241006641959950141e+00 3.782123841977795276e-01
-3.078840670706552984e+00 -2.193457692251597813e+00 3.788677930272904004e-01
-3.099582777340524231e+00 -2.145796673528097553e+00 3.783655569535505636e-01
-3.119800525290245208e+00 -2.098110553837959635e+00 3.767244838525790063e-01
-3.139613387851214021e+00 -2.050476904128448297e+00 3.739824706559481404e-01
-3.159138321128582394e+00 -2.002962832985321739e+00 3.701954633407840700e-01
-3.178487524930636354e+00 -1.955624215143354716e+00 3.654361309967919524e-01
-3.197766350949956315e+00 -1.908505209971291805e+00 3.597923072230612140e-01
-3.217071385361239155e+00 -1.861638057135214464e+00 3.533652490557583348e-01
-3.236488725720410464e+00 -1.815043131134593812e+00 3.462677563972941241e-01
-3.256092468870085188e+00 -1.768729234227577773e+00 3.386221874412840838e-01
-3.275943425697284805e+00 -1.722694106705364048e+00 3.305584013677692612e-01
-3.296088076820054447e+00 -1.676925132469232915e+00 3.222116592165453208e-01
-3.316557778292749781e+00 -1.631400215425614197e+00 3.137205147605967581e-01
-3.337368218571567180e+00 -1.586088799039162334e+00 3.052247258572183264e-01
-3.358519120054625606e+00 -1.540952999178712979e+00 2.968632115398047167e-01
-3.379994173717224104e+00 -1.495948820532247314e+00 2.887720726355300083e-01
-3.401761195097513735e+00 -1.451027429397885982e+00 2.810826875175841955e-01
-3.423772492850682081e+00 -1.406136459312750775e+00 2.739198924990066120e-01
-3.445965444325125748e+00 -1.361221329111911515e+00 2.674002582433792630e-01
-3.468263273632091082e+00 -1.316226554674997384e+00 2.616304765488471351e-01
-3.490576026071634530e+00 -1.271097036051445750e+00 2.567058725311066603e-01
-3.512801730201180028e+00 -1.225779301855159265e+00 2.527090541589153139e-01
-3.534827737505338074e+00 -1.180222693671899137e+00 2.497087058892108469e-01
-3.556532230561652685e+00 -1.134380474860323229e+00 2.477585292544652318e-01
-3.577785892922133115e+00 -1.088210849953216375e+00 2.468963334771127893e-01
-3.598453735648326823e+00 -1.041677882113717812e+00 2.471432837697439266e-01
-3.618397074886843701e+00 -9.947522964251994670e-01 2.485033215894336400e-01
-3.637475651685489808e+00 -9.474121564399416995e-01 2.509627765928638676e-01
-3.655549880183648792e+00 -8.996434009471291349e-01 2.544901925463822767e-01
-3.672483204271795643e+00 -8.514402278138574198e-01 2.590363894014907076e-01
-3.688144536024983822e+00 -8.028053121751440591e-01 2.645347829812735307e-01
-3.702410741218582935e+00 -7.537498471997359228e-01 2.709019836214787147e-01
-3.715169127697975249e+00 -7.042933972320878366e-01 2.780386952547814761e-01
-3.726319881920188593e+00 -6.544635556213769245e-01 2.858309347967102898e-01
-3.735778389269539534e+00 -6.042954033825160831e-01 2.941515861915696695e-01
-3.743477366632096626e+00 -5.538307701619467061e-01 3.028622935069549271e-01
-3.749368732191900921e+00 -5.031173055853696008e-01 3.118156842225029424e-01
-3.753425137266472422e+00 -4.522073764459387246e-01 3.208578991619220333e-01
-3.755641087578502457e+00 -4.011568128506762809e-01 3.298313902801093267e-01
-3.756033586908060329e+00 -3.500235340712339882e-01 3.385779313369463028e-01
-3.754642246356965085e+00 -2.988660922237961204e-01 3.469417688521940768e-01
-3.751528819867912201e+00 -2.477421785914901975e-01 3.547728228101701964e-01
-3.746776152114686287e+00 -1.967071425317887812e-01 3.619298319077774995e-01
-3.740486556241832350e+00 -1.458125753502917399e-01 3.682833313293036315e-01
-3.732779671097991692e+00 -9.510501038216209735e-02 3.737183552508451800e-01
-3.723789874784787735e+00 -4.462478564446884649e-02 3.781367713092531613e-01
-3.713663349781342493e+00 5.594892519248672452e-03 3.814591766140270623e-01
-3.702554904238766209e+00 5.552865623096168990e-02 3.836263097973826586e-01
-3.690624656374025037e+00 1.051594353718305896e-01 3.845999575823994543e-01
-3.678034686527900998e+00 1.544786620728785531e-01 3.843633562505515133e-01
-3.664945755146619799e+00 2.034862231865770532e-01 3.829211085441074913e-01
-3.651514174043565486e+00 2.521901725468636002e-01 3.802986548737298800e-01
-3.637888902395396418e+00 3.006062221757515585e-01 3.765413525538921502e-01
-3.624208919515926830e+00 3.487570367747220845e-01 3.717132255025441534e-01
-3.610600907014687166e+00 3.966713587753528669e-01 3.658954476791688726e-01
-3.597177257333525890e+00 4.443829923925330938e-01 3.591846173090068040e-01
-3.584034415950732466e+00 4.919296753255388288e-01 3.516908689849849168e-01
-3.571251560031536432e+00 5.393518666759300473e-01 3.435358611665445538e-01
-3.558889614248242683e+00 5.866914795493022305e-01 3.348506701114750128e-01
-3.546990602080326127e+00 6.339905865117033690e-01 3.257736181013712318e-01
-3.535577326938549092e+00 6.812901252982584976e-01 3.164480623479455357e-01
-3.524653372661231465e+00 7.286286308485395713e-01 3.070201694744963961e-01
-3.514203408878271873e+00 7.760410180898046351e-01 2.976366984786209535e-01
-3.504193784373566878e+00 8.235574382158661333e-01 2.884428134274400479e-01
-3.494573390490743225e+00 8.712022296376067398e-01 2.795799468630000284e-01
-3.485274775510576184e+00 9.189929831359062717e-01 2.711837360819603915e-01
-3.476215488699480716e+00 9.669397387141022149e-01 2.633820559350813495e-01
-3.467299629380237835e+00 1.015044329050418748e+00 2.562931719783554385e-01
-3.458419572931133779e+00 1.063299881423846793e+00 2.500240358627979220e-01
-3.449457843338571639e+00 1.111690486896252272e+00 2.446687412446289511e-01
-3.440289101478667622e+00 1.160191042748556445e+00 2.403071545264997833e-01
-3.430782219509239894e+00 1.208767271877135618e+00 2.370037314796425987e-01
-3.420802413988828672e+00 1.257375921061835600e+00 2.348065284124939145e-01
-3.410213413097582080e+00 1.305965138675028836e+00 2.337464145198240584e-01
-3.398879636434756435e+00 1.354475031520264938e+00 2.338364900301744820e-01
-3.386668369148596813e+00 1.402838400061298119e+00 2.350717133177842866e-01
-3.373451915009413327e+00 1.450981651105466064e+00 2.374287405220204816e-01
-3.359109714292769944e+00 1.498825886462544554e+00 2.408659843896786279e-01
-3.343530410742140635e+00 1.546288164385933639e+00 2.453239046139089330e-01
-3.326613846910825067e+00 1.593282927002602989e+00 2.507255478724036979e-01
-3.308272959611932684e+00 1.639723581248463846e+00 2.569773593853915128e-01
-3.288435538882086284e+00 1.685524213494526302e+00 2.639702872861177663e-01
-3.267045806790710660e+00 1.730601409910154098e+00 2.715811964044318461e-01
-3.244065767749062079e+00 1.774876146385728548e+00 2.796746006646574911e-01
-3.219476279661226847e+00 1.818275703806684129e+00 2.881047147118872553e-01
-3.193277794741690379e+00 1.860735556607072461e+00 2.967178158228739870e-01
-3.165490720083553366e+00 1.902201175043807702e+00 3.053548953476514782e-01
-3.136155352261762452e+00 1.942629675474654150e+00 3.138545632795693985e-01
-3.105331349316533540e+00 1.981991249786132503e+00 3.220561498829674907e-01
-3.073096718806665795e+00 2.020270306813169991e+00 3.298029267936947728e-01
-3.039546322000346024e+00 2.057466266189771797e+00 3.369453506620226357e-01
-3.004789919501626994e+00 2.093593958368962671e+00 3.433442194426356009e-01
-2.968949809393115924e+00 2.128683602211731252e+00 3.488736275839405820e-01
-2.932158132121884364e+00 2.162780351695014147e+00 3.534236121675666253e-01
-2.894553934586133526e+00 2.195943424084545903e+00 3.569023963183941550e-01
-2.856280097821094710e+00 2.228244841701382928e+00 3.592381570616421937e-01
-2.817480237452393954e+00 2.259767836547380337e+00 3.603802703229304627e-01
-2.778295683138808592e+00 2.290604979885600745e+00 3.603000139301903992e-01
-2.738862632719337054e+00 2.320856106064755231e+00 3.589907377900286023e-01
-2.699309560060124014e+00 2.350626101006939805e+00 3.564675358969775498e-01
-2.659754935207665927e+00 2.380022621640338620e+00 3.527664746413982644e-01
-2.620305294438977306e+00 2.409153804892675943e+00 3.479434441430221403e-01
-2.581053678721560551e+00 2.438126015638546029e+00 3.420727036482271166e-01
-2.542078443420054512e+00 2.467041673762671916e+00 3.352451892955874979e-01
-2.503442430223926873e+00 2.495997192184047808e+00 3.275666444677262645e-01
-2.465192484066805356e+00 2.525081050802530314e+00 3.191556215448901890e-01
-2.427359292962132375e+00 2.554372026283171060e+00 3.101413913652338317e-01
-2.389957526791417486e+00 2.583937594682968797e+00 3.006617853565689558e-01
-2.352986251445709165e+00 2.613832523087399551e+00 2.908609871562785609e-01
-2.316429596232070232e+00 2.644097667015691489e+00 2.808872867728945399e-01
-2.280257653860521927e+00 2.674758991276232400e+00 2.708908108521237978e-01
-2.244427592679183014e+00 2.705826832099962331e+00 2.610212460296995052e-01
-2.208884959810076598e+00 2.737295417081645255e+00 2.514255767710054101e-01
-2.173565151696931430e+00 2.769142656589115958e+00 2.422458630025888515e-01
-2.138395025772365177e+00 2.801330216035756937e+00 2.336170856933806050e-01
-2.103294623882633996e+00 2.833803872944556268e+00 2.256650905781543703e-01
-2.068178975090466665e+00 2.866494156239787205e+00 2.185046617023647664e-01
-2.032959942910071760e+00 2.899317258058810687e+00 2.122377570760485554e-01
-1.997548080466137188e+00 2.932176201315816133e+00 2.069519375345434953e-01
-1.961854457054874601e+00 2.964962240228507184e+00 2.027190160405208386e-01
-1.925792421375405405e+00 2.997556466840308076e+00 1.995939480373827568e-01
-1.889279270133300770e+00 3.029831594585661314e+00 1.976139750698890363e-01
-1.852237795331769687e+00 3.061653890063420036e+00 1.967980254732455137e-01
-1.814597688815444920e+00 3.092885226074381322e+00 1.971463693333030398e-01
-1.776296787985487624e+00 3.123385232174344939e+00 1.986405214288266829e-01
-1.737282151483669823e+00 3.153013522733098650e+00 2.012433858681188514e-01
-1.697510957378317586e+00 3.181631985557103803e+00 2.048996390619172159e-01
-1.656951218395897207e+00 3.209107115042589609e+00 2.095363522481611396e-01
-1.615582308866874151e+00 3.235312371415185684e+00 2.150638594362747624e-01
-1.573395296767176710e+00 3.260130541663383674e+00 2.213768800048583063e-01
-1.530393072514622199e+00 3.283456069157809853e+00 2.283559063946022372e-01
-1.486590265100517172e+00 3.305197309187741350e+00 2.358688659762248063e-01
-1.442012936470929763e+00 3.325278658227854400e+00 2.437730620575219997e-01
-1.396698047129066422e+00 3.343642496675616194e+00 2.519173919846848242e-01
-1.350692689668069768e+00 3.360250878603085578e+00 2.601448302987381944e-01
-1.304053092208221187e+00 3.375086898156735682e+00 2.682951520096891196e-01
-1.256843400419185741e+00 3.388155661340651381e+00 2.762078556429961029e-01
-1.209134254960864352e+00 3.399484795278680860e+00 2.837252286305732563e-01
-1.161001190709820330e+00 3.409124436250552836e+00 2.906954802733083820e-01
-1.112522894663241502e+00 3.417146654126391070e+00 2.969758519469195557e-01
-1.063779370014442893e+00 3.423644294454010861e+00 3.024356029849428196e-01
-1.014850063150618986e+00 3.428729248804998075e+00 3.069587662514106086e-01
-9.658120166004033891e-01 3.432530195732313771e+00 3.104465715660574276e-01
-9.167381129040177434e-01 3.435189884537244609e+00 3.128194482527062448e-01
-8.676954713758089355e-01 3.436862057975955675e+00 3.140185389642327629e-01
-8.187440520874766925e-01 3.437708125444499441e+00 3.140066831806572756e-01
-7.699355101888363251e-01 3.437893704275707840e+00 3.127688574069463212e-01
-7.213123303414612497e-01 3.437585144226470657e+00 3.103120872047638312e-01
-6.729072569937993853e-01 3.436946140405006567e+00 3.066648712242022734e-01
-6.247430226847906498e-01 3.436134524329808482e+00 3.018761771603520883e-01
-5.768323644994250987e-01 3.435299303191464926e+00 2.960140822196603572e-01
-5.291783089881948454e-01 3.434577995763550717e+00 2.891641350742990557e-01
-4.817746988420525400e-01 3.434094292369373136e+00 2.814275123851657789e-01
-4.346069305751268930e-01 3.433956048661514160e+00 2.729190322302083027e-01
-3.876528711349483958e-01 3.434253610972031634e+00 2.637650719339226790e-01
-3.408839220106489876e-01 3.435058465518356474e+00 2.541014222268382916e-01
-2.942662010606984513e-01 3.436422203903057415e+00 2.440710964461410282e-01
-2.477618140092023025e-01 3.438375800873014310e+00 2.338221046047026519e-01
-2.013301887720968242e-01 3.440929204730397650e+00 2.235051981753337635e-01
-1.549294462901905922e-01 3.444071244487114214e+00 2.132715918009801259e-01
-1.085177814542051256e-01 3.447769860236590933e+00 2.032706718690894809e-01
-6.205482718421283933e-02 3.451972663976589306e+00 1.936477081480545148e-01
-1.550297398826422195e-02 3.456607836441774939e+00 1.845415927447327242e-01
3.117138329219755477e-02 3.461585360252078303e+00 1.760826393469805684e-01
7.799669985113280579e-02 3.466798580473214653e+00 1.683904832081161151e-01
1.249952636158775526e-01 3.472126071777167589e+00 1.615721266023111835e-01
1.721823310632547011e-01 3.477433779281089432e+00 1.557201744177762748e-01
2.195654372810392219e-01 3.482577390098461567e+00 1.509113005268153396e-01
2.671438968248571189e-01 3.487404885472737970e+00 1.472049789308660650e-01
3.149085067502511714e-01 3.491759218614649996e+00 1.446425056038467827e-01
3.628414576883040588e-01 3.495481060602361634e+00 1.432463277570026061e-01
4.109164533007361175e-01 3.498411556616630502e+00 1.430196868166773161e-01
4.590990334150825136e-01 3.500395038788722601e+00 1.439465703736641511e-01
5.073470922130597360e-01 3.501281650571970605e+00 1.459919587134299035e-01
5.556115803756598304e-01 3.500929849128980198e+00 1.491023458768896137e-01
6.038373788666963060e-01 3.499208763202228401e+00 1.532065151062174391e-01
6.519643313317080580e-01 3.496000390797420643e+00 1.582165532952907461e-01
6.999284210504080894e-01 3.491201622299962892e+00 1.640290959141155747e-01
7.476630764822965736e-01 3.484726071519339996e+00 1.705267995018753813e-01
7.951005866489052609e-01 3.476505692195405395e+00 1.775800411166764958e-01
8.421736041415558427e-01 3.466492152853729358e+00 1.850488429238547061e-01
8.888167095967710596e-01 3.454657939159339275e+00 1.927850165368739932e-01
9.349680069621487677e-01 3.440997149451297865e+00 2.006345168645206900e-01
9.805707136316790251e-01 3.425525945411807438e+00 2.084399890480768125e-01
1.025574703723213243e+00 3.408282616649000119e+00 2.160434835717153501e-01
1.069937957169236231e+00 3.389327217685953020e+00 2.232893028248974510e-01
1.113627863193303424e+00 3.368740741248289705e+00 2.300269275266924318e-01
1.156622325548701591e+00 3.346623804540560965e+00 2.361139553425930515e-01
1.198910619580010772e+00 3.323094845040532874e+00 2.414189696345950265e-01
1.240493957987962137e+00 3.298287846937545620e+00 2.458242464590759679e-01
1.281385732716828096e+00 3.272349645511601679e+00 2.492282047141231027e-01
1.321611413815474423e+00 3.245436881487291814e+00 2.515475087255062969e-01
1.361208101430976480e+00 3.217712698377195313e+00 2.527187446365095069e-01
1.400223743125770692e+00 3.189343291302602967e+00 2.526996110678360052e-01
1.438716044129242366e+00 3.160494424281676817e+00 2.514695891782920967e-01
1.476751111455532506e+00 3.131328033331652883e+00 2.490300851286950945e-01
1.514401882608834793e+00 3.101999024422015250e+00 2.454040659008490943e-01
1.551746394819221386e+00 3.072652358937750794e+00 2.406352340338682450e-01
1.588865951070555615e+00 3.043420496779493334e+00 2.347868051376457432e-01
1.625843235106603446e+00 3.014421241541990870e+00 2.279399622172681161e-01
1.662760420387400240e+00 2.985756006859173972e+00 2.201920626095441036e-01
1.699697309317343752e+00 2.957508501186148830e+00 2.116546678349973398e-01
1.736729530692561640e+00 2.929743812212197707e+00 2.024514559417217030e-01
1.773926816532230832e+00 2.902507862567277108e+00 1.927160622291031189e-01
1.811351374981536422e+00 2.875827204999529485e+00 1.825898796229516452e-01
1.849056374024599547e+00 2.849709126542829374e+00 1.722198361677702849e-01
1.887084551321637882e+00 2.824142036059420491e+00 1.617561557993090204e-01
1.925466968445568305e+00 2.799096116722833205e+00 1.513501015828514762e-01
1.964221932592197906e+00 2.774524232987464867e+00 1.411516995918116746e-01
2.003354114147664511e+00 2.750363088174831994e+00 1.313074471919760400e-01
2.042853892290346973e+00 2.726534631479727633e+00 1.219580204896398568e-01
2.082696961133147173e+00 2.702947710323157171e+00 1.132360090385845647e-01
2.122844224930401147e+00 2.679499955886451179e+00 1.052637178218811809e-01
2.163242003250094747e+00 2.656079878601796729e+00 9.815108434396746517e-02
2.203822557293034556e+00 2.632569139145015225e+00 9.199376189159894079e-02
2.244504937966425473e+00 2.608844950815567998e+00 8.687141987075402971e-02
2.285196145170997895e+00 2.584782561286048885e+00 8.284630981351724655e-02
2.325792575857484223e+00 2.560257755186361006e+00 7.996214090665088037e-02
2.366181726280988773e+00 2.535149314346001770e+00 7.824330014746667949e-02
2.406244103404609813e+00 2.509341371503528872e+00 7.769443840011990010e-02
2.445855294093406407e+00 2.482725597779664728e+00 7.830042598597888870e-02
2.484888140150731228e+00 2.455203174490228513e+00 8.002666380976423965e-02
2.523214971810203267e+00 2.426686513930341071e+00 8.281972284993724398e-02
2.560709859580998060e+00 2.397100708208190767e+00 8.660827866843927303e-02
2.597250851539056882e+00 2.366384697120191394e+00 9.130430783453137578e-02
2.632722168511613337e+00 2.334492154247302054e+00 9.680451701993607327e-02
2.667016332816499524e+00 2.301392095367411628e+00 1.029919801268549401e-01
2.700036207727443571e+00 2.267069215967917550e+00 1.097379627480257747e-01
2.731696924857124564e+00 2.231523965767758355e+00 1.169039165945568864e-01
2.761927674831970769e+00 2.194772367818807801e+00 1.243436296372125716e-01
2.790673332537348283e+00 2.156845588017974880e+00 1.319055201643676567e-01
2.817895882066089097e+00 2.117789258349129788e+00 1.394350634053240501e-01
2.843575599544888810e+00 2.077662555149828005e+00 1.467773362977398410e-01
2.867711946139369861e+00 2.036537033581901301e+00 1.537796586779980879e-01
2.890324120600700653e+00 1.994495222243710453e+00 1.602942980882050839e-01
2.911451222017412466e+00 1.951628987733292186e+00 1.661811918824293577e-01
2.931151979685251874e+00 1.908037687596699117e+00 1.713106262426744297e-01
2.949504018497617341e+00 1.863826140785199481e+00 1.755657992401739032e-01
2.966602644864414273e+00 1.819102456570091730e+00 1.788451865324984236e-01
2.982559159096052070e+00 1.773975774595464072e+00 1.810646258260714681e-01
2.997498723801273357e+00 1.728553978878225594e+00 1.821590412127027381e-01
3.011557841834390015e+00 1.682941455563229827e+00 1.820837409679039176e-01
3.024881519183184153e+00 1.637236966917960279e+00 1.808152411819308747e-01
3.037620205583216215e+00 1.591531711750622247e+00 1.783515907444748749e-01
3.049926616517257827e+00 1.545907635011806835e+00 1.747121985309739722e-01
3.061952542887013795e+00 1.500436037109578402e+00 1.699371887636551837e-01
3.073845748101016184e+00 1.455176517344629605e+00 1.640863327009333683e-01
3.085747037277313698e+00 1.410176267565962371e+00 1.572376211388056555e-01
3.097787562422860130e+00 1.365469714058619832e+00 1.494855505080065206e-01
3.110086404940151539e+00 1.321078490254384841e+00 1.409391952358060585e-01
3.122748456535894057e+00 1.277011711729595156e+00 1.317201321776343137e-01
3.135862603803954318e+00 1.233266518434252834e+00 1.219602720264299223e-01
3.149500210834400793e+00 1.189828846480903923e+00 1.117996399118912354e-01
3.163713887932953384e+00 1.146674392172298385e+00 1.013841339584561213e-01
3.178536533300637679e+00 1.103769733636198458e+00 9.086327700323044987e-02
3.193980639220431073e+00 1.061073579991452132e+00 8.038796456163185833e-02
3.210037864822997467e+00 1.018538123497008341e+00 7.010820441843701456e-02
3.226678891279491701e+00 9.761104750465108282e-01 6.017084290443860256e-02
3.243853587480821421e+00 9.337341658806787015e-01 5.071728086556017562e-02
3.261491520049658366e+00 8.913506974761087331e-01 4.188119618897157004e-02
3.279502838561906053e+00 8.489011176134758641e-01 3.378630501683486248e-02
3.297779556236023257e+00 8.063275951699294675e-01 2.654420633366889534e-02
3.316197231214478958e+00 7.635749610024181733e-01 2.025236272560368769e-02
3.334617036632315124e+00 7.205921785608455643e-01 1.499227437597419089e-02
3.352888189902000882e+00 6.773337059766497692e-01 1.082790486275395959e-02
3.370850692972608975e+00 6.337607113618567434e-01 7.804415769553332827e-03
3.388338316525386862e+00 5.898421051454904029e-01 5.947260699858978282e-03
3.405181744860684923e+00 5.455553578883926003e-01 5.261676336348919056e-03
3.421211788409016741e+00 5.008870793362090179e-01 5.732589216785972594e-03
3.436262570110013570e+00 4.558333439827633726e-01 7.324935113158922637e-03
3.450174600366417099e+00 4.103997589030985993e-01 9.984367812697124075e-03
3.462797670204362799e+00 3.646012795959412411e-01 1.363831931857007428e-02
3.473993509748614539e+00 3.184617878793807866e-01 1.819736535354617157e-02
3.483638175778943413e+00 2.720134519685489249e-01 2.355684781093294461e-02
3.491624146041214072e+00 2.252958927757182372e-01 2.959870777579653306e-02
3.497862108523654978e+00 1.783551825939306834e-01 3.619348739702486079e-02
3.502282441091114862e+00 1.312427031387257415e-01 4.320246517828051080e-02
3.504836380788721062e+00 8.401388989701669141e-02 5.047989637299808707e-02
3.505496882780587686e+00 3.672688931363159159e-02 5.787533719920845421e-02
3.504259166377706958e+00 -1.055884502691129510e-02 6.523603734802121967e-02
3.501140940436298088e+00 -5.778399097640140453e-02 7.240938838276676781e-02
3.496182293752149395e+00 -1.048908040363936145e-01 7.924541485946501318e-02
3.489445229863424203e+00 -1.518245423115536785e-01 8.559928961670511260e-02
3.481012822319710320e+00 -1.985348388136812803e-01 9.133384497046946604e-02
3.470987968221959541e+00 -2.449769870510472569e-01 9.632203908509007206e-02
3.459491725896077341e+00 -2.911131037540682920e-01 1.004493241885073690e-01
3.446661236570594422e+00 -3.369131319053035312e-01 1.036158533514190683e-01
3.432647248188471334e+00 -3.823556485771512636e-01 1.057384572201201106e-01
3.417611279881378472e+00 -4.274284457639402346e-01 1.067523220548171753e-01
3.401722486518821142e+00 -4.721288585208237021e-01 1.066123054917206825e-01
3.385154302945380334e+00 -5.164638232296614451e-01 1.052938364742465466e-01
3.368080965483551736e+00 -5.604496594165330192e-01 1.027933611186445384e-01
3.350674021226444310e+00 -6.041115805199338551e-01 9.912831704071696504e-02
3.333098939932155780e+00 -6.474829510406966415e-01 9.433664349207786237e-02
3.315511936282449668e+00 -6.906043179196321713e-01 8.847585988737263762e-02
3.298057092255882061e+00 -7.335222513503367736e-01 8.162176598497766777e-02
3.280863844353208769e+00 -7.762880339700806154e-01 7.386682921133798374e-02
3.264044874142143726e+00 -8.189562379188926045e-01 6.531832765831127596e-02
3.247694417565104796e+00 -8.615832275854592437e-01 5.609631362199527654e-02
3.231886990072111665e+00 -9.042256227559356541e-01 4.633145571311221567e-02
3.216676509942549611e+00 -9.469387526645927089e-01 3.616280944161388150e-02
3.202095790466041869e+00 -9.897751263679012146e-01 2.573555618465806633e-02
3.188156364547141131e+00 -1.032782939810701350e+00 1.519873731890814851e-02
3.174848605922885092e+00 -1.076004636602725828e+00 4.702994867412686221e-03
3.162142121204808642e+00 -1.119475539577480250e+00 -5.601683663821685651e-03
3.149986403866619877e+00 -1.163222574152607214e+00 -1.556822510701466426e-02
3.138311758644223293e+00 -1.207263110979594156e+00 -2.505474019213124043e-02
3.127030515576318948e+00 -1.251603961728368519e+00 -3.392679530827819728e-02
3.116038553434695491e+00 -1.296240565678326684e+00 -4.205966258885720371e-02
3.105217143725086615e+00 -1.341156405057305268e+00 -4.934050971380381234e-02
3.094435112773891383e+00 -1.386322684151326534e+00 -5.567048023976701315e-02
3.083551304084200417e+00 -1.431698301829190223e+00 -6.096660814680187473e-02
3.072417307072178971e+00 -1.477230139369760886e+00 -6.516350505510835889e-02
3.060880400785659372e+00 -1.522853674753045006e+00 -6.821475540947971594e-02
3.048786642437647298e+00 -1.568493920575104950e+00 -7.009395645024815713e-02
3.035984013256807224e+00 -1.614066666494777591e+00 -7.079534909206181004e-02
3.022325522753796623e+00 -1.659479991092045914e+00 -7.033400379241908085e-02
3.007672170800484324e+00 -1.704635995136077886e+00 -6.874554948358492512e-02
2.991895675734290272e+00 -1.749432700511177829e+00 -6.608545868410393986e-02
2.974880893555803762e+00 -1.793766056710281331e+00 -6.242792321803454503e-02
2.956527874016432023e+00 -1.837531998755460139e+00 -5.786436998577722257e-02
2.936753520287095576e+00 -1.880628505089563696e+00 -5.250167486629728208e-02
2.915492837907519341e+00 -1.922957610251834426e+00 -4.646013628527913969e-02
2.892699775194801148e+00 -1.964427334403318959e+00 -3.987126932358448644e-02
2.868347670955353923e+00 -2.004953499520208293e+00 -3.287547685561726524e-02
2.842429335507436594e+00 -2.044461409472026148e+00 -2.561964630012977112e-02
2.814956796685861740e+00 -2.082887376989589701e+00 -1.825471001336082671e-02
2.785960743115180716e+00 -2.120180083510479818e+00 -1.093319610210595309e-02
2.755489693195587897e+00 -2.156301757562380406e+00 -3.806787072756470398e-03
2.723608911777089414e+00 -2.191229154232658072e+00 2.976101479526229148e-03
2.690399089885129769e+00 -2.224954313780875381e+00 9.272709963348644419e-03
2.655954798351582102e+00 -2.257485073326384928e+00 1.494827481593474089e-02
2.620382725103671095e+00 -2.288845303259842812e+00 1.987829487260265801e-02
2.583799708327931821e+00 -2.319074840411311733e+00 2.395069067645917704e-02
2.546330583102239586e+00 -2.348229093260357114e+00 2.706781506095736617e-02
2.508105866521946670e+00 -2.376378300535483490e+00 2.914826660504544337e-02
2.469259315275877054e+00 -2.403606433509790197e+00 3.012845294108527222e-02
2.429925399792569607e+00 -2.430009744480398748e+00 2.996384915549544711e-02
2.390236750002172617e+00 -2.455694979442582415e+00 2.862989903000923500e-02
2.350321638097893295e+00 -2.480777290999572227e+00 2.612251533166287318e-02
2.310301571035355828e+00 -2.505377905789606618e+00 2.245815074823950472e-02
2.270289067126024296e+00 -2.529621615758763653e+00 1.767343234526134663e-02
2.230385685216166092e+00 -2.553634171244969053e+00 1.182437608784528763e-02
2.190680362011946603e+00 -2.577539654598576480e+00 4.985219173017988760e-03
2.151248095722554154e+00 -2.601457906947191034e+00 -2.753077274816525481e-03
2.112148995840710697e+00 -2.625502070398012755e+00 -1.128459532638640198e-02
2.073427702166630748e+00 -2.649776296019866528e+00 -2.049043597824003193e-02
2.035113161934603898e+00 -2.674373655454729271e+00 -3.024084429248921971e-02
1.997218741801112474e+00 -2.699374280834143214e+00 -4.039742907181424758e-02
1.959742641551343256e+00 -2.724843744094758602e+00 -5.081542977585612464e-02
1.922668569991438980e+00 -2.750831674919834047e+00 -6.134599548293407506e-02
1.885966642515060965e+00 -2.777370609997014128e+00 -7.183845645748429543e-02
1.849594464977970087e+00 -2.804475067966004875e+00 -8.214258435997900953e-02
1.813498378013294055e+00 -2.832140854100198002e+00 -9.211084701289853904e-02
1.777614845973622071e+00 -2.860344612592506497e+00 -1.016006643904314721e-01
1.741871981448247286e+00 -2.889043656889378031e+00 -1.104766645300018640e-01
1.706191197869575182e+00 -2.918176115823536865e+00 -1.186129250450864842e-01
1.670488979610531999e+00 -2.947661434298377792e+00 -1.258951720366544014e-01
1.634678752959358938e+00 -2.977401263048380819e+00 -1.322228956698423830e-01
1.598672833858664655e+00 -3.007280763530140621e+00 -1.375113305265872610e-01
1.562384419746463138e+00 -3.037170340859608242e+00 -1.416932387684392558e-01
1.525729583371930431e+00 -3.066927798803810390e+00 -1.447204264809752450e-01
1.488629217025445373e+00 -3.096400886414954812e+00 -1.465649213854247068e-01
1.451010868312587743e+00 -3.125430178882976140e+00 -1.472197463278171192e-01
1.412810405831124827e+00 -3.153852210463348182e+00 -1.466992382464340772e-01
1.373973456329274256e+00 -3.181502759551284587e+00 -1.450388844277192835e-01
1.334456563913558158e+00 -3.208220177556454278e+00 -1.422946728973870367e-01
1.294228035054991954e+00 -3.233848654037719150e+00 -1.385419781359009950e-01
1.253268448482369291e+00 -3.258241318932772135e+00 -1.338740246632098563e-01
1.211570824803703372e+00 -3.281263096801016577e+00 -1.283999881819896105e-01
1.169140465571310461e+00 -3.302793246183032050e+00 -1.222428059289222546e-01
1.125994484468394674e+00 -3.322727537753306315e+00 -1.155367736158058878e-01
1.082161063438876525e+00 -3.340980045688493938e+00 -1.084250052242280854e-01
1.037678473266897994e+00 -3.357484545094422845e+00 -1.010568244821642286e-01
9.925939012115129190e-01 -3.372195522393869105e+00 -9.358514498307869689e-02
9.469621282794175032e-01 -3.385088814310684757e+00 -8.616388227800403365e-02
9.008440964443118482e-01 -3.396161894659890823e+00 -7.894542845503066397e-02
8.543054025817863328e-01 -3.405433827465987662e+00 -7.207820960848772274e-02
8.074147519768590797e-01 -3.412944901235426709e+00 -6.570434026570642905e-02
7.602424007019366048e-01 -3.418755953968177330e+00 -5.995738661430096567e-02
7.128586134723817747e-01 -3.422947393323448662e+00 -5.496025187057814593e-02
6.653321620148303639e-01 -3.425617912778864849e+00 -5.082320129689450044e-02
6.177288884675309344e-01 -3.426882903699315808e+00 -4.764204981631268987e-02
5.701103585576413613e-01 -3.426872565392368841e+00 -4.549654070413859663e-02
5.225326298437660277e-01 -3.425729720538803313e+00 -4.444894883713283729e-02
4.750451607631748785e-01 -3.423607351996724724e+00 -4.454294610407157767e-02
4.276898861741188496e-01 -3.420665889175525720e+00 -4.580276896919971419e-02
3.805004840323499837e-01 -3.417070287741019285e+00 -4.823272699650591605e-02
3.335018551748710203e-01 -3.412986963655188610e+00 -5.181708419146494049e-02
2.867098333953025380e-01 -3.408580658032855482e+00 -5.652033133530627584e-02
2.401311360337977097e-01 -3.404011318928436225e+00 -6.228784870492092007e-02
1.937635567948272353e-01 -3.399431087272581031e+00 -6.904693868692370062e-02
1.475963935773452751e-01 -3.394981466981231488e+00 -7.670819120524217938e-02
1.016110959131815150e-01 -3.390790746508651754e+00 -8.516713407599088570e-02
5.578210991398738910e-02 -3.386971724088823077e+00 -9.430611512104879190e-02
1.007789369296814910e-02 -3.383619773468066416e+00 -1.039963613229908795e-01
-3.553792692708718226e-02 -3.380811271274084540e+00 -1.141001612582000779e-01
-8.110529397755850134e-02 -3.378602391325758791e+00 -1.244731209087241719e-01
-1.266663753664300229e-01 -3.377028256674382778e+00 -1.349664509422298098e-01
-1.722641747690117353e-01 -3.376102430041011626e+00 -1.454292557801711849e-01
-2.179411203825233345e-01 -3.375816720450349084e+00 -1.557108090382900711e-01
-2.637376575024522607e-01 -3.376141288850929900e+00 -1.656628122631764177e-01
-3.096908690532269581e-01 -3.377025045989143770e+00 -1.751416405566240397e-01
-3.558331489056096308e-01 -3.378396347696657642e+00 -1.840105779602729807e-01
-4.021909547989855338e-01 -3.380164002334452356e+00 -1.921420381083071283e-01
-4.487836703805673233e-01 -3.382218610281242377e+00 -1.994197538421562110e-01
-4.956226085805902626e-01 -3.384434255287554816e+00 -2.057409054986165386e-01
-5.427101905050002451e-01 -3.386670561839641103e+00 -2.110181431493441673e-01
-5.900393343961061188e-01 -3.388775120872800972e+00 -2.151814446466545905e-01
-6.375930871110315756e-01 -3.390586268107202095e+00 -2.181797407027062374e-01
-6.853445253352000721e-01 -3.391936176104479284e+00 -2.199822325770789677e-01
-7.332569452154332756e-01 -3.392654195642403891e+00 -2.205793292600577993e-01
-7.812843477297060080e-01 -3.392570357995045249e+00 -2.199831403520870199e-01
-8.293722139271483274e-01 -3.391518930952550637e+00 -2.182274778394691916e-01
-8.774585505163416954e-01 -3.389341910716515915e+00 -2.153673430656765087e-01
-9.254751735662367640e-01 -3.385892330575746900e+00 -2.114779018708183855e-01
-9.733491875647309888e-01 -3.381037275484905624e+00 -2.066529780440864994e-01
-1.021004609662133689e+00 -3.374660508043960672e+00 -2.010031197288934812e-01
-1.068364085064886337e+00 -3.366664633676463403e+00 -1.946533125043108936e-01
-1.115350639242239206e+00 -3.356972758367580134e+00 -1.877404247684741900e-01
-1.161889415524801628e+00 -3.345529618602205879e+00 -1.804104752075972040e-01
-1.207909352229582511e+00 -3.332302187988429143e+00 -1.728158090585404649e-01
-1.253344760846922368e+00 -3.317279786616634141e+00 -1.651122608170805528e-01
-1.298136775021713651e+00 -3.300473735762233130e+00 -1.574563677902981462e-01
-1.342234647822174276e+00 -3.281916610640335463e+00 -1.500026837024330817e-01
-1.385596880988020585e+00 -3.261661147010547879e+00 -1.429012270034789311e-01
-1.428192173889461625e+00 -3.239778854469636649e+00 -1.362950868677542393e-01
-1.470000181985004817e+00 -3.216358382665807092e+00 -1.303182022495161796e-01
-1.511012075414967182e+00 -3.191503679298787866e+00 -1.250933253811691293e-01
-1.551230888851444334e+00 -3.165331972669260363e+00 -1.207301793129889472e-01
-1.590671654260950252e+00 -3.137971607190554568e+00 -1.173238182351643288e-01
-1.629361308758664251e+00 -3.109559757057337670e+00 -1.149531993160218396e-01
-1.667338370160399874e+00 -3.080240040715925165e+00 -1.136799766410352824e-01
-1.704652373649278019e+00 -3.050160057586820184e+00 -1.135475323558027272e-01
-1.741363065344522454e+00 -3.019468870302844277e+00 -1.145802664335700827e-01
-1.777539353755817508e+00 -2.988314461770134045e+00 -1.167831716929344649e-01
-1.813258028488520912e+00 -2.956841205898412817e+00 -1.201417211620296743e-01
-1.848602265990023419e+00 -2.925187400888767275e+00 -1.246220885238166903e-01
-1.883659952366619095e+00 -2.893482920690712668e+00 -1.301717100779631875e-01
-1.918521861262862505e+00 -2.861847041194443886e+00 -1.367201817975544909e-01
-1.953279729623907945e+00 -2.830386493058030251e+00 -1.441804713698837948e-01
-1.988024276313391514e+00 -2.799193784864876466e+00 -1.524504145847865866e-01
-2.022843208893831957e+00 -2.768345830691909981e+00 -1.614144578990721335e-01
-2.057819262663472148e+00 -2.737902905943105036e+00 -1.709456034373929290e-01
-2.093028312842654781e+00 -2.707907944156402014e+00 -1.809075088997355585e-01
-2.128537595282432804e+00 -2.678386175385710555e+00 -1.911566939838599821e-01
-2.164404063916296028e+00 -2.649345094966529590e+00 -2.015448084511897164e-01
-2.200672906158192887e+00 -2.620774742237094390e+00 -2.119209250907308772e-01
-2.237376232507907847e+00 -2.592648263918069240e+00 -2.221338319048247745e-01
-2.274531954792297750e+00 -2.564922736567972539e+00 -2.320343089890197219e-01
-2.312142868532994111e+00 -2.537540225496631496e+00 -2.414773840659354964e-01
-2.350195957950741210e+00 -2.510429061886000568e+00 -2.503245647556589515e-01
-2.388661946164552852e+00 -2.483505324219929644e+00 -2.584460448354231610e-01
-2.427495117492802557e+00 -2.456674513598261278e+00 -2.657228760915142374e-01
-2.466633442519698960e+00 -2.429833414303543826e+00 -2.720490874428818651e-01
-2.505999038333608375e+00 -2.402872130034015008e+00 -2.773337197821604261e-01
-2.545498994291992556e+00 -2.375676281459633721e+00 -2.815027299895969670e-01
-2.585026586312301866e+00 -2.348129341792362101e+00 -2.845007030781812052e-01
-2.624462889461316006e+00 -2.320115074587031145e+00 -2.862923002136867900e-01
-2.663678780223399656e+00 -2.291520023795273975e+00 -2.868633652467914019e-01
-2.702537298120216924e+00 -2.262235992612430469e+00 -2.862216154818564284e-01
-2.740896313862949629e+00 -2.232162437318239601e+00 -2.843968543567932938e-01
-2.778611430527491155e+00 -2.201208696952056343e+00 -2.814406635235149889e-01
-2.815539027506424485e+00 -2.169295980214766661e+00 -2.774255572201795306e-01
-2.851539345744838805e+00 -2.136359037526168070e+00 -2.724436099360751373e-01
-2.886479508063400701e+00 -2.102347458193265961e+00 -2.666045963091565607e-01
-2.920236370940499260e+00 -2.067226549349106879e+00 -2.600337073374386354e-01
-2.952699114262990587e+00 -2.030977773574212719e+00 -2.528689269712348642e-01
-2.983771492691407623e+00 -1.993598744273719969e+00 -2.452581659879699283e-01
-3.013373694547793580e+00 -1.955102799700799032e+00 -2.373562544646869998e-01
-3.041443778387194818e+00 -1.915518195417883041e+00 -2.293218901279185928e-01
-3.067938680012660679e+00 -1.874886968761284134e+00 -2.213146288752701474e-01
-3.092834800682871421e+00 -1.833263536430462803e+00 -2.134919885432232933e-01
-3.116128199358734641e+00 -1.790713088031984146e+00 -2.060067205736604568e-01
-3.137834418598399733e+00 -1.747309835803136036e+00 -1.990042889195627329e-01
-3.157987976803131591e+00 -1.703135175725118522e+00 -1.926205823755084423e-01
-3.176641560526113572e+00 -1.658275809271267720e+00 -1.869798755160547721e-01
-3.193864950174086115e+00 -1.612821868779886758e+00 -1.821930443191389637e-01
-3.209743710411464779e+00 -1.566865082946029775e+00 -1.783560354969008499e-01
-3.224377672504471715e+00 -1.520497012198791076e+00 -1.755485842528397011e-01
-3.237879230082055138e+00 -1.473807377197094981e+00 -1.738331743574574040e-01
-3.250371463930421090e+00 -1.426882498223657647e+00 -1.732542371125681269e-01
-3.261986107806363222e+00 -1.379803859798266918e+00 -1.738375908687222471e-01
-3.272861367719583914e+00 -1.332646813700535393e+00 -1.755901282768894123e-01
-3.283139611982422768e+00 -1.285479434215438754e+00 -1.784997622582354948e-01
-3.292964957075629417e+00 -1.238361540547556983e+00 -1.825356423451703347e-01
-3.302480782707335472e+00 -1.191343901733106003e+00 -1.876486502859030792e-01
-3.311827216500658810e+00 -1.144467638322580250e+00 -1.937721781781967800e-01
-3.321138633821191011e+00 -1.097763832600559653e+00 -2.008231847431356243e-01
-3.330541221374922589e+00 -1.051253355472778317e+00 -2.087035164447739732e-01
-3.340150654278311926e+00 -1.004946913645961448e+00 -2.173014708882474999e-01
-3.350069934767878621e+00 -9.588453154788620925e-01 -2.264935715653726700e-01
-3.360387436079155243e+00 -9.129399481122218996e-01 -2.361465170987594731e-01
-3.371175187656402894e+00 -8.672134526970184387e-01 -2.461192657765778335e-01
-3.382487429192063022e+00 -8.216405794280250419e-01 -2.562652173841515890e-01
-3.394359452832093726e+00 -7.761892001941643748e-01 -2.664344580418441244e-01
-3.406806746387470497e+00 -7.308214541092351579e-01 -2.764760385426046074e-01
-3.419824445755683229e+00 -6.854949997505471737e-01 -2.862402616868192085e-01
-3.433387101722114920e+00 -6.401643472756179953e-01 -2.955809591885859011e-01
-3.447448764912197205e+00 -5.947822434755559717e-01 -3.043577437590113677e-01
-3.461943393304676153e+00 -5.493010830898472641e-01 -3.124382260450774274e-01
-3.476785589446800273e+00 -5.036743200765909645e-01 -3.197001874043777780e-01
-3.491871678243214649e+00 -4.578578525791498488e-01 -3.260336961542225076e-01
-3.507081138676479082e+00 -4.118113546623606291e-01 -3.313431461953186274e-01
-3.522278401569303163e+00 -3.654995264262716481e-01 -3.355491838187364961e-01
-3.537315018907631892e+00 -3.188932322073888548e-01 -3.385904736533437709e-01
-3.552032198149501330e+00 -2.719704949512730119e-01 -3.404252413429617596e-01
-3.566263678329450570e+00 -2.247173142801029422e-01 -3.410325215444362512e-01
-3.579838905087443290e+00 -1.771282769517156241e-01 -3.404130371767272178e-01
-3.592586440464485165e+00 -1.292069317698822939e-01 -3.385896405154359967e-01
-3.604337521986795689e+00 -8.096590681075706286e-02 -3.356072589414268448e-01
-3.614929666315074286e+00 -3.242675511613700434e-02 -3.315323074723225405e-01
-3.624210198375936276e+00 1.638047449256363475e-02 -3.264515553703463691e-01
-3.632039580428499725e+00 6.541793277077342927e-02 -3.204704628830224999e-01
-3.638294419124831869e+00 1.146409103370040622e-01 -3.137110334600778372e-01
-3.642870042703295841e+00 1.639989899498036086e-01 -3.063092532692522352e-01
-3.645682563415432842e+00 2.134373682298170982e-01 -2.984122106267054209e-01
-3.646670369106388865e+00 2.628982976970064001e-01 -2.901750011059404666e-01
-3.645795019007031623e+00 3.123225968900078531e-01 -2.817575286569613535e-01
-3.643041548921277517e+00 3.616511766882049561e-01 -2.733213090769410214e-01
-3.638418217326781168e+00 4.108265343332610509e-01 -2.650263706105119854e-01
-3.631955744399569141e+00 4.597941723051010010e-01 -2.570283293281453996e-01
-3.623706109516968255e+00 5.085039062453422520e-01 -2.494756970962755394e-01
-3.613740979440612122e+00 5.569110336502911540e-01 -2.425074605250708837e-01
-3.602149840264046610e+00 6.049773423729882804e-01 -2.362509527008368748e-01
-3.589037903017934461e+00 6.526719446372899469e-01 -2.308200268050840109e-01
-3.574523847066068960e+00 6.999719280443817970e-01 -2.263135314475117343e-01
-3.558737457941071103e+00 7.468628197882899444e-01 -2.228140805555801074e-01
-3.541817207391694478e+00 7.933388638417679939e-01 -2.203871052396715602e-01
-3.523907813577602077e+00 8.394031131393312473e-01 -2.190801715003283801e-01
-3.505157809612864828e+00 8.850673398975890116e-01 -2.189225469563265691e-01
-3.485717140627364152e+00 9.303517675999646297e-01 -2.199250025501760519e-01
-3.465734804654644119e+00 9.752846284709608682e-01 -2.220798407045386780e-01
-3.445356551553130142e+00 1.019901551086635383e+00 -2.253611475717910984e-01
-3.424722656249842956e+00 1.064244784473639571e+00 -2.297252713207855457e-01
-3.403965786460498855e+00 1.108362267656084921e+00 -2.351115291406293550e-01
-3.383208989112481468e+00 1.152306556868712306e+00 -2.414431426874456832e-01
-3.362563822783941614e+00 1.196133626205771350e+00 -2.486283963491428273e-01
-3.342128664966180107e+00 1.239901560983400541e+00 -2.565620067878590649e-01
-3.321987222717377009e+00 1.283669166298852637e+00 -2.651266871310181128e-01
-3.302207273376878138e+00 1.327494515967775568e+00 -2.741948853787037899e-01
-3.282839658568796004e+00 1.371433469024109231e+00 -2.836306738099702018e-01
-3.263917549927192407e+00 1.415538182127025202e+00 -2.932917640302131201e-01
-3.245455999234005517e+00 1.459855646505420212e+00 -3.030316208235715458e-01
-3.227451779702581014e+00 1.504426277657221478e+00 -3.127016475625812308e-01
-3.209883519860049716e+00 1.549282585282978575e+00 -3.221534169244511525e-01
-3.192712127566027291e+00 1.594447950295681204e+00 -3.312409228832394747e-01
-3.175881499267778629e+00 1.639935535473125316e+00 -3.398228325967889707e-01
-3.159319508123863418e+00 1.685747356366113614e+00 -3.477647188430931791e-01
-3.142939263340734701e+00 1.731873539172047227e+00 -3.549412542486578004e-01
-3.126640631384323576e+00 1.778291792133416926e+00 -3.612383472518490013e-01
-3.110312007537327617e+00 1.824967116490086694e+00 -3.665551963465483176e-01
-3.093832323690623554e+00 1.871851782078386428e+00 -3.708062334460155429e-01
-3.077073275095767002e+00 1.918885591130447210e+00 -3.739229190770612665e-01
-3.059901744206225516e+00 1.965996451004832446e+00 -3.758553420429141534e-01
-3.042182392420024861e+00 2.013101271324640340e+00 -3.765735658258581031e-01
-3.023780379678874919e+00 2.060107192159940759e+00 -3.760686561796240945e-01
-3.004564158045981426e+00 2.106913137050028251e+00 -3.743533222938001948e-01
-2.984408270807646701e+00 2.153411668631453946e+00 -3.714621097982583886e-01
-2.963196076460199002e+00 2.199491107318766403e+00 -3.674510978628084956e-01
-2.940822309828981851e+00 2.245037857083560962e+00 -3.623970728946644404e-01
-2.917195391705280638e+00 2.289938868566658403e+00 -3.563961751755150842e-01
-2.892239403511388307e+00 2.334084159389884672e+00 -3.495620400667776573e-01
-2.865895653849415137e+00 2.377369305098375296e+00 -3.420234809564091094e-01
-2.838123779024000370e+00 2.419697812455201102e+00 -3.339217858844389930e-01
-2.808902339826071515e+00 2.460983291027480480e+00 -3.254077216822920393e-01
-2.778228901501052395e+00 2.501151349980093030e+00 -3.166383550866025409e-01
-2.746119610743863237e+00 2.540141164099162907e+00 -3.077738061578154105e-01
-2.712608309022018105e+00 2.577906673769260859e+00 -2.989740439145514017e-01
-2.677745241554821742e+00 2.614417404273566614e+00 -2.903958190868632383e-01
-2.641595433472160082e+00 2.649658907198385371e+00 -2.821898086701919439e-01
-2.604236809171795564e+00 2.683632839530948111e+00 -2.744980264266786985e-01
-2.565758129815939093e+00 2.716356704819248069e+00 -2.674515357537935456e-01
-2.526256819820511978e+00 2.747863287004997268e+00 -2.611684868550014360e-01
-2.485836747676727132e+00 2.778199812278928871e+00 -2.557524876117805990e-01
-2.444606019737037617e+00 2.807426877444073376e+00 -2.512913058691016444e-01
-2.402674837295950550e+00 2.835617183978961009e+00 -2.478558903983584250e-01
-2.360153457408717959e+00 2.862854114728813570e+00 -2.454996902119955526e-01
-2.317150287341551707e+00 2.889230185416141516e+00 -2.442582485722532282e-01
-2.273770132829316726e+00 2.914845397408817984e+00 -2.441490488225366295e-01
-2.230112612679804762e+00 2.939805513040759433e+00 -2.451715923169554279e-01
-2.186270747101870970e+00 2.964220271216967184e+00 -2.473076920436767800e-01
-2.142329724009055969e+00 2.988201559098227822e+00 -2.505219678465737121e-01
-2.098365845713169531e+00 3.011861554889960324e+00 -2.547625307783036308e-01
-2.054445657367536704e+00 3.035310856825042425e+00 -2.599618461323922047e-01
-2.010625258112479496e+00 3.058656614416222386e+00 -2.660377675358553962e-01
-1.966949796052527288e+00 3.082000680148387683e+00 -2.728947371782697306e-01
-1.923453148584641559e+00 3.105437802714611450e+00 -2.804251480057695090e-01
-1.880157789497602483e+00 3.129053885729591311e+00 -2.885108613495876440e-01
-1.837074843058783324e+00 3.152924337442895464e+00 -2.970248686457044873e-01
-1.794204322975828658e+00 3.177112536857744640e+00 -3.058330809578098108e-01
-1.751535551362804588e+00 3.201668440555677897e+00 -3.147962273816502510e-01
-1.709047750589178127e+00 3.226627353914688801e+00 -3.237718438382674035e-01
-1.666710799584176783e+00 3.252008891363177501e+00 -3.326163356932818060e-01
-1.624486145338285503e+00 3.277816152461890287e+00 -3.411870983270089419e-01
-1.582327858914826857e+00 3.304035142128133984e+00 -3.493446774107523134e-01
-1.540183822420173376e+00 3.330634462157957110e+00 -3.569549457719627950e-01
-1.497997029217634779e+00 3.357565296687281542e+00 -3.638912688567477183e-01
-1.455706975343408427e+00 3.384761707807200537e+00 -3.700366283187996874e-01
-1.413251116960210219e+00 3.412141251896358529e+00 -3.752856733710682735e-01
-1.370566367346677694e+00 3.439605924264947934e+00 -3.795466698299967967e-01
-1.327590606695923103e+00 3.467043438863198990e+00 -3.827433140689677216e-01
-1.284264177441953425e+00 3.494328848104024665e+00 -3.848163720731315185e-01
-1.240531335841913663e+00 3.521326501767116923e+00 -3.857250944625145173e-01
-1.196341627230653737e+00 3.547892331889361817e+00 -3.854483510148833392e-01
-1.151651149065074708e+00 3.573876433959429111e+00 -3.839854267170395574e-01
-1.106423664273530116e+00 3.599125897118393258e+00 -3.813564268078625252e-01
-1.060631528532880896e+00 3.623487820610761911e+00 -3.776022488868296390e-01
-1.014256398833555783e+00 3.646812441504278191e+00 -3.727840932652115580e-01
-9.672896963133397197e-01 3.668956288770107488e+00 -3.669824970135043829e-01
-9.197328032319072033e-01 3.689785270092908576e+00 -3.602958933820593623e-01
-8.715969821279714314e-01 3.709177590975565320e+00 -3.528387179683417085e-01
-8.229030150428877644e-01 3.727026403734215343e+00 -3.447391062039632526e-01
-7.736805722795622176e-01 3.743242090320113125e+00 -3.361362506884223444e-01
-7.239673326725997171e-01 3.757754099068447484e+00 -3.271775068740159775e-01
-6.738078891425378636e-01 3.770512279544079526e+00 -3.180153473092579008e-01
-6.232524826391939721e-01 3.781487687037170087e+00 -3.088042665238694973e-01
-5.723556133653905365e-01 3.790672854117722590e+00 -2.996977324073467064e-01
-5.211745803304339564e-01 3.798081548185230361e+00 -2.908452689876829811e-01
-4.697679994454433960e-01 3.803748050921545332e+00 -2.823897425322862698e-01
-4.181943473123833632e-01 3.807726009014900104e+00 -2.744649085996204163e-01
-3.665105731177328297e-01 3.810086916006905966e+00 -2.671932616794549520e-01
-3.147708149636523345e-01 3.810918291974145333e+00 -2.606842117559853289e-01
-2.630252499565854385e-01 3.810321629966921808e+00 -2.550325956653194392e-01
-2.113191000211576964e-01 3.808410175639762585e+00 -2.503175184379500817e-01
-1.596918083758851470e-01 3.805306600792647487e+00 -2.466015125075622372e-01
-1.081763953533082662e-01 3.801140624817711089e+00 -2.439299996266398318e-01
-5.679899689105745442e-02 3.796046631846649699e+00 -2.423310385066438366e-01
-5.578584456407498747e-03 3.790161325681655313e+00 -2.418153379304405493e-01
4.547313868467809522e-02 3.783621458186686048e+00 -2.423765101703434510e-01
9.635167298785964063e-02 3.776561658803487376e+00 -2.439915354352974464e-01
1.470595001382766775e-01 3.769112383856200399e+00 -2.466214079455195662e-01
1.976057138189764029e-01 3.761397996477661820e+00 -2.502119394070273506e-01
2.480055154156793340e-01 3.753534983646840573e+00 -2.546947042474501655e-01
2.982795865908160482e-01 3.745630316660912396e+00 -2.599881188666595677e-01
3.484533511789991711e-01 3.737779963670543992e+00 -2.659986506613110646e-01
3.985561396454089245e-01 3.730067564603440022e+00 -2.726221508921095049e-01
4.486202700611347516e-01 3.722563277644815205e+00 -2.797453011399296252e-01
4.986800598510897076e-01 3.715322802810244962e+00 -2.872471601959948884e-01
5.487707825469018141e-01 3.708386584896616434e+00 -2.950007993468118372e-01
5.989275839999830264e-01 3.701779198459786091e+00 -3.028750183838609389e-01
6.491843736519659069e-01 3.695508922447485300e+00 -3.107361387225506255e-01
6.995727087346044204e-01 3.689567519433479603e+00 -3.184498699877539307e-01
7.501206921677612272e-01 3.683930239837325704e+00 -3.258832410881002950e-01
8.008519074761843992e-01 3.678556071707908881e+00 -3.329065783209824714e-01
8.517844154689681035e-01 3.673388251274202432e+00 -3.393955053361232266e-01
9.029298376193843900e-01 3.668355041268637429e+00 -3.452329356312449637e-01
9.542925506088516530e-01 3.663370776728022804e+00 -3.503110274267263735e-01
1.005869016031910146e+00 3.658337173631330597e+00 -3.545330704909869235e-01
1.057647268957778053e+00 3.653144893477593413e+00 -3.578152718725596815e-01
1.109606588335511512e+00 3.647675353895207806e+00 -3.600884019700726912e-01
1.161717370215649581e+00 3.641802769153987374e+00 -3.612992561696074523e-01
1.213941220877251537e+00 3.635396394803010356e+00 -3.614118837534825990e-01
1.266231281368264128e+00 3.628322939646750012e+00 -3.604085369846862785e-01
1.318532788398871558e+00 3.620449098586573378e+00 -3.582902987607443634e-01
1.370783869626699847e+00 3.611644152896166471e+00 -3.550773548695338455e-01
1.422916564243440707e+00 3.601782579681857666e+00 -3.508088847511869890e-01
1.474858052001836173e+00 3.590746607973594351e+00 -3.455425525995306502e-01
1.526532065035368646e+00 3.578428654210014326e+00 -3.393535902078531064e-01
1.577860447354284101e+00 3.564733565895203515e+00 -3.323334760639241603e-01
1.628764818006579018e+00 3.549580601617746911e+00 -3.245882321196134623e-01
1.679168287247983615e+00 3.532905081002060577e+00 -3.162363781781270533e-01
1.728997171830952917e+00 3.514659650021347836e+00 -3.074066001439432760e-01
1.778182655698761883e+00 3.494815123358687270e+00 -2.982351993667365364e-01
1.826662344996212051e+00 3.473360882842663422e+00 -2.888633955660134811e-01
1.874381670399121624e+00 3.450304827081480230e+00 -2.794345575504779688e-01
1.921295095167092182e+00 3.425672882173510292e+00 -2.700914367126638349e-01
1.967367094698123653e+00 3.399508098107877352e+00 -2.609734784171414690e-01
2.012572883230553611e+00 3.371869370830636203e+00 -2.522142834709779624e-01
2.056898875049525621e+00 3.342829844429012986e+00 -2.439392829095142767e-01
2.100342879175757904e+00 3.312475058364536373e+00 -2.362636740432923765e-01
2.142914035859352140e+00 3.280900908643396452e+00 -2.292906476085325163e-01
2.184632509244088805e+00 3.248211489300465882e+00 -2.231099202077525823e-01
2.225528954061767095e+00 3.214516874337160157e+00 -2.177965763869553206e-01
2.265643777015380333e+00 3.179930893882509935e+00 -2.134102199442384495e-01
2.305026217078157025e+00 3.144568953898175590e+00 -2.099944305398273037e-01
2.343733273169640974e+00 3.108545945580874381e+00 -2.075765155990825228e-01
2.381828510921376818e+00 3.071974286243276620e+00 -2.061675381356568582e-01
2.419380780570929979e+00 3.034962125729838700e+00 -2.057625913763531933e-01
2.456462874775829253e+00 2.997611741459550672e+00 -2.063412853880337017e-01
2.493150149701221618e+00 2.960018133580157418e+00 -2.078684120479682707e-01
2.529519127761205688e+00 2.922267822892625766e+00 -2.102947616489166116e-01
2.565646098025207600e+00 2.884437850051616348e+00 -2.135580729241962350e-01
2.601605730629168001e+00 2.846594974109463383e+00 -2.175841035815697377e-01
2.637469722519075077e+00 2.808795068670284056e+00 -2.222878084782371200e-01
2.673305490886958236e+00 2.771082711867086434e+00 -2.275746092464420445e-01
2.709174926660722793e+00 2.733490961548145304e+00 -2.333417368673946224e-01
2.745133214911338104e+00 2.696041301736278761e+00 -2.394796310081641066e-01
2.781227725299164177e+00 2.658743743977378227e+00 -2.458733870554334067e-01
2.817496976399441522e+00 2.621597069540677616e+00 -2.524042502511235075e-01
2.853969683097777654e+00 2.584589204545955532e+00 -2.589511614929418393e-01
2.890663903670067203e+00 2.547697726654447159e+00 -2.653923584876597408e-01
2.927586309060137282e+00 2.510890505561965469e+00 -2.716070298504533187e-01
2.964731598906183319e+00 2.474126478768323700e+00 -2.774770117875666187e-01
3.002082087207903704e+00 2.437356560092365232e+00 -2.828885104802719708e-01
3.039607477246171641e+00 2.400524673628778416e+00 -2.877338292876194803e-01
3.077264842645699439e+00 2.363568902257483728e+00 -2.919130770815854814e-01
3.114998829976967976e+00 2.326422737711244082e+00 -2.953358303727953160e-01
3.152742096905529756e+00 2.289016417447542473e+00 -2.979227166653994341e-01
3.190415996800592069e+00 2.251278330824680651e+00 -2.996068811258420506e-01
3.227931514935777013e+00 2.213136472997043303e+00 -3.003352957367265708e-01
3.265190453591798825e+00 2.174519920425102004e+00 -3.000698713842099297e-01
3.302086855242865049e+00 2.135360298376894228e+00 -2.987883383075838895e-01
3.338508646040460714e+00 2.095593209157151637e+00 -2.964848665433460484e-01
3.374339476044836417e+00 2.055159589760484629e+00 -2.931704027816033897e-01
3.409460726753097859e+00 2.014006968136182962e+00 -2.888727027567529748e-01
3.443753649005335760e+00 1.972090587450360255e+00 -2.836360410119539988e-01
3.477101585398320704e+00 1.929374367935288381e+00 -2.775205860301594440e-01
3.509392222980580289e+00 1.885831677464657519e+00 -2.706014402411709985e-01
3.540519817056463570e+00 1.841445886201847459e+00 -2.629673596609023445e-01
3.570387326760217306e+00 1.796210687614239188e+00 -2.547191822720586973e-01
3.598908406350994404e+00 1.750130176398366988e+00 -2.459680032366732549e-01
3.626009199867044952e+00 1.703218681469161000e+00 -2.368331377252268777e-01
3.651629888694426729e+00 1.655500358172238506e+00 -2.274399120830742915e-01
3.675725942657049217e+00 1.607008549041950118e+00 -2.179173265485605526e-01
3.698269029144056308e+00 1.557784928510505207e+00 -2.083956405579300841e-01
3.719247545301466396e+00 1.507878455083123015e+00 -1.990039424498169229e-01
3.738666755916738360e+00 1.457344163847919205e+00 -1.898677729913202106e-01
3.756548540482185228e+00 1.406241840356196038e+00 -1.811068711523301233e-01
3.772930771072692036e+00 1.354634621382875492e+00 -1.728331002354756840e-01
3.787866353945036568e+00 1.302587567968281457e+00 -1.651485972550388592e-01
3.801421972411505923e+00 1.250166252656998767e+00 -1.581441745399946863e-01
3.813676570573523605e+00 1.197435398266202711e+00 -1.518979934835313073e-01
3.824719621313709794e+00 1.144457601518346967e+00 -1.464745251285801408e-01
3.834649228827822220e+00 1.091292171538900346e+00 -1.419238068536147201e-01
3.843570123149887774e+00 1.037994109331416448e+00 -1.382809955241335320e-01
3.851591606902043274e+00 9.846132486566389064e-01 -1.355662053666986389e-01
3.858825509915631446e+00 9.311935711635319635e-01 -1.337846072114917129e-01
3.865384196502728908e+00 8.777727004118298648e-01 -1.329267589996943610e-01
3.871378657494509934e+00 8.243815723720738786e-01 -1.329691372863005816e-01
3.876916709505318970e+00 7.710442752237763875e-01 -1.338748436515637685e-01
3.882101319147436502e+00 7.177780486605780386e-01 -1.355944639166221932e-01
3.887029068216833139e+00 6.645934313989707576e-01 -1.380670583560841824e-01
3.891788773432921289e+00 6.114945441404395776e-01 -1.412212578555268327e-01
3.896460268731629650e+00 5.584794936018446787e-01 -1.449764377614131128e-01
3.901113350280580594e+00 5.055408819432390954e-01 -1.492439422651686831e-01
3.905806877759313345e+00 4.526664056793485713e-01 -1.539283392113365012e-01
3.910588023265881397e+00 3.998395291112754046e-01 -1.589286959851295145e-01
3.915491661981554294e+00 3.470402188926488551e-01 -1.641398769974933003e-01
3.920539903902702239e+00 2.942457276895029672e-01 -1.694538683165269510e-01
3.925741769952932891e+00 2.414314154717731586e-01 -1.747611342877231910e-01
3.931093016686228125e+00 1.885715968627139916e-01 -1.799520067027559622e-01
3.936576112549403206e+00 1.356404026302439614e-01 -1.849181024359573267e-01
3.942160368084311362e+00 8.261264317787436751e-02 -1.895537623761055779e-01
3.947802224671661531e+00 2.946466170927655032e-02 -1.937575025376321591e-01
3.953445711028972021e+00 -2.382483577884263876e-02 -1.974334656328736448e-01
3.959023080728064414e+00 -7.727398764125550934e-02 -2.004928567957826313e-01
3.964455643985901112e+00 -1.308970363672336268e-01 -2.028553410585163530e-01
3.969654801315849024e+00 -1.847036578378193350e-01 -2.044503747320835507e-01
3.974523276871495092e+00 -2.386983773658261088e-01 -2.052184402933037444e-01
3.978956539314942642e+00 -2.928800891696933806e-01 -2.051121553876254500e-01
3.982844391439349430e+00 -3.472416944249786530e-01 -2.040972295385524160e-01
3.986072707570879725e+00 -4.017698712294212049e-01 -2.021532443775910237e-01
3.988525297657052437e+00 -4.564449880307760998e-01 -1.992742329760001929e-01
3.990085875011247563e+00 -5.112411700735689513e-01 -1.954690321780252205e-01
3.990640098446502471e+00 -5.661265256114946798e-01 -1.907613820761225598e-01
3.990077650042520130e+00 -6.210635345634063498e-01 -1.851897522216744418e-01
3.988294301090808514e+00 -6.760095971711287399e-01 -1.788068851844141216e-01
3.985193914943830240e+00 -7.309177348667448282e-01 -1.716790611788554521e-01
3.980690337554079417e+00 -7.857374308065687707e-01 -1.638850974645249536e-01
3.974709131527236483e+00 -8.404155935525607912e-01 -1.555150999506516030e-01
3.967189113025133995e+00 -8.948976235597403406e-01 -1.466689833410152743e-01
3.958083650367092865e+00 -9.491285576394588031e-01 -1.374547754604247829e-01
3.947361680395896411e+00 -1.003054261257512625e+00 -1.279867263649576425e-01
3.935008398409030494e+00 -1.056622633323533123e+00 -1.183832548235741883e-01
3.921025584186772939e+00 -1.109784784620851950e+00 -1.087647800850769647e-01
3.905431541333326262e+00 -1.162496150484804591e+00 -9.925149920586558150e-02
3.888260646611448212e+00 -1.214717500937082084e+00 -8.996117486721809386e-02
3.869562525165252342e+00 -1.266415816332947530e+00 -8.100699521363606548e-02
3.849400882826364612e+00 -1.317565002468927604e+00 -7.249555939825638728e-02
3.827852037547129438e+00 -1.368146425349781481e+00 -6.452503464443799797e-02
3.805003200182699885e+00 -1.418149252505753521e+00 -5.718352471600559456e-02
3.780950562096336398e+00 -1.467570595235706987e+00 -5.054768435036664787e-02
3.755797253209676612e+00 -1.516415454291497378e+00 -4.468160650592409300e-02
3.729651237094526728e+00 -1.564696479358969494e+00 -3.963599763511820723e-02
3.702623207303030295e+00 -1.612433558854707405e+00 -3.544764212556452548e-02
3.674824541029864999e+00 -1.659653260105022232e+00 -3.213914433885484145e-02
3.646365354595762831e+00 -1.706388141039067552e+00 -2.971892871423377838e-02
3.617352693662994501e+00 -1.752675954227576938e+00 -2.818147573809640094e-02
3.587888882230108933e+00 -1.798558763728625554e+00 -2.750777160708086505e-02
3.558070048662746121e+00 -1.844081995341056324e+00 -2.766594853818399660e-02
3.527984842598584247e+00 -1.889293441078083280e+00 -2.861208925214658513e-02
3.497713351467611531e+00 -1.934242238034008521e+00 -3.029116479973720591e-02
3.467326218926294779e+00 -1.978977839801347560e+00 -3.263807313313822622e-02
3.436883960811196737e+00 -2.023548995571553988e+00 -3.557874909256587143e-02
3.406436469040010628e+00 -2.068002748984910433e+00 -3.903132401821218095e-02
3.376022691158498290e+00 -2.112383466475793004e+00 -4.290732144154294631e-02
3.345670472442278776e+00 -2.156731903356439162e+00 -4.711288046827678822e-02
3.315396547362587931e+00 -2.201084314698382283e+00 -5.154999927143995297e-02
3.285206667094231037e+00 -2.245471616828990769e+00 -5.611778961809043426e-02
3.255095850042477590e+00 -2.289918604270099856e+00 -6.071373322759164581e-02
3.225048744203700579e+00 -2.334443227084785466e+00 -6.523493437693694830e-02
3.195040094070972891e+00 -2.379055935568558322e+00 -6.957936964077184039e-02
3.165035309822337606e+00 -2.423759102770200347e+00 -7.364714123607143947e-02
3.134991140584274749e+00 -2.468546539114968130e+00 -7.734174105621380302e-02
3.104856454620914974e+00 -2.513403115679689659e+00 -8.057132660997726181e-02
3.074573126770835163e+00 -2.558304512373374973e+00 -8.325000001390549242e-02
3.044077028697412590e+00 -2.603217104796412773e+00 -8.529907164912252371e-02
3.013299113094163761e+00 -2.648098000587067791e+00 -8.664828513125445719e-02
2.982166581018469653e+00 -2.692895234529804949e+00 -8.723698050336778365e-02
2.950604122200441992e+00 -2.737548132285447355e+00 -8.701517502390952730e-02
2.918535219455196561e+00 -2.781987854001161775e+00 -8.594454137512351488e-02
2.885883507280982752e+00 -2.826138128582356135e+00 -8.399925960425189131e-02
2.852574169670427207e+00 -2.869916184800097358e+00 -8.116671363122487937e-02
2.818535354131169512e+00 -2.913233876619869545e+00 -7.744800020345714298e-02
2.783699571230163983e+00 -2.955998989707465441e+00 -7.285822114285939177e-02
2.748005045086427955e+00 -2.998116707557828775e+00 -6.742653806088828861e-02
2.711396981292751196e+00 -3.039491211190551212e+00 -6.119597820106016661e-02
2.673828722795773327e+00 -3.080027384880691166e+00 -5.422298611577434924e-02
2.635262767725995658e+00 -3.119632598565890369e+00 -4.657671719909738106e-02
2.595671623555343199e+00 -3.158218532188662664e+00 -3.833806875096760353e-02
2.555038469772749288e+00 -3.195702997879256824e+00 -2.959844729929271209e-02
2.513357599658550434e+00 -3.232011705542669588e+00 -2.045828048078072656e-02
2.470634614220476699e+00 -3.267079910600143133e+00 -1.102529666524937682e-02
